1305031102.1753 1.3405 0.6266 1.6575 0.6574 0.6126 -0.2949 0.3248
1305031102.2112 1.3469 0.6175 1.6512 0.6545 0.6145 -0.2929 0.3291
1305031102.2432 1.3457 0.6059 1.6444 0.6518 0.6149 -0.2916 0.3347
1305031102.2753 1.3468 0.5956 1.6387 0.6496 0.6154 -0.2899 0.3394
1305031102.3113 1.3433 0.5837 1.6282 0.6475 0.6166 -0.2857 0.3449
1305031102.3432 1.3426 0.5759 1.6207 0.6471 0.6151 -0.2849 0.3489
1305031102.3753 1.3440 0.5651 1.6152 0.6460 0.6153 -0.2846 0.3508
1305031102.4113 1.3464 0.5568 1.6122 0.6439 0.6169 -0.2831 0.3532
1305031102.4433 1.3510 0.5451 1.6088 0.6416 0.6176 -0.2818 0.3570
1305031102.4753 1.3527 0.5325 1.5994 0.6384 0.6191 -0.2788 0.3626
1305031102.5112 1.3553 0.5227 1.5889 0.6357 0.6223 -0.2739 0.3656
1305031102.5432 1.3501 0.5127 1.5795 0.6331 0.6248 -0.2696 0.3689
1305031102.5753 1.3461 0.5016 1.5656 0.6315 0.6262 -0.2677 0.3707
1305031102.6112 1.3433 0.4926 1.5563 0.6333 0.6266 -0.2643 0.3693
1305031102.6433 1.3487 0.4843 1.5537 0.6355 0.6253 -0.2656 0.3669
1305031102.6753 1.3481 0.4722 1.5481 0.6347 0.6255 -0.2636 0.3693
1305031102.7113 1.3468 0.4603 1.5398 0.6342 0.6266 -0.2608 0.3702
1305031102.7432 1.3523 0.4520 1.5357 0.6355 0.6255 -0.2592 0.3711
1305031102.7755 1.3540 0.4420 1.5254 0.6341 0.6277 -0.2564 0.3718
1305031102.8112 1.3562 0.4349 1.5150 0.6336 0.6296 -0.2515 0.3727
1305031102.8433 1.3555 0.4235 1.5074 0.6326 0.6326 -0.2476 0.3718
1305031102.8754 1.3590 0.4118 1.5024 0.6324 0.6351 -0.2471 0.3683
1305031102.9112 1.3606 0.4032 1.4951 0.6313 0.6372 -0.2446 0.3682
1305031102.9432 1.3604 0.3914 1.4929 0.6304 0.6389 -0.2434 0.3676
1305031102.9752 1.3632 0.3790 1.4930 0.6292 0.6377 -0.2457 0.3702
1305031103.0112 1.3695 0.3660 1.4895 0.6283 0.6373 -0.2443 0.3733
1305031103.0432 1.3726 0.3610 1.4831 0.6275 0.6337 -0.2468 0.3791
1305031103.0753 1.3712 0.3541 1.4737 0.6289 0.6293 -0.2486 0.3830
1305031103.1112 1.3765 0.3480 1.4692 0.6294 0.6300 -0.2466 0.3824
1305031103.1433 1.3809 0.3408 1.4625 0.6295 0.6302 -0.2432 0.3840
1305031103.1755 1.3852 0.3358 1.4601 0.6305 0.6288 -0.2444 0.3837
1305031103.2112 1.3903 0.3262 1.4555 0.6300 0.6294 -0.2388 0.3871
1305031103.2432 1.3984 0.3247 1.4506 0.6303 0.6280 -0.2335 0.3923
1305031103.2754 1.4075 0.3078 1.4536 0.6296 0.6289 -0.2294 0.3943
1305031103.3112 1.4105 0.2998 1.4565 0.6258 0.6298 -0.2296 0.3988
1305031103.3432 1.4053 0.3041 1.4494 0.6228 0.6281 -0.2298 0.4060
1305031103.3753 1.4032 0.3028 1.4482 0.6225 0.6285 -0.2264 0.4077
