1305031102.1753 1.3405 0.6266 1.6575 0.6574 0.6126 -0.2949 0.3248
1305031102.2112 1.3469 0.6175 1.6512 0.6545 0.6145 -0.2929 0.3291
1305031102.2432 1.3457 0.6059 1.6444 0.6518 0.6149 -0.2916 0.3347
1305031102.2753 1.3468 0.5956 1.6387 0.6496 0.6154 -0.2899 0.3394
1305031102.3113 1.3433 0.5837 1.6282 0.6475 0.6166 -0.2857 0.3449
1305031102.3432 1.3426 0.5759 1.6207 0.6471 0.6151 -0.2849 0.3489
1305031102.3753 1.3440 0.5651 1.6152 0.6460 0.6153 -0.2846 0.3508
1305031102.4113 1.3464 0.5568 1.6122 0.6439 0.6169 -0.2831 0.3532
1305031102.4433 1.3510 0.5451 1.6088 0.6416 0.6176 -0.2818 0.3570
1305031102.4753 1.3527 0.5325 1.5994 0.6384 0.6191 -0.2788 0.3626
1305031102.5112 1.3553 0.5227 1.5889 0.6357 0.6223 -0.2739 0.3656
1305031102.5432 1.3501 0.5127 1.5795 0.6331 0.6248 -0.2696 0.3689
1305031102.5753 1.3461 0.5016 1.5656 0.6315 0.6262 -0.2677 0.3707
1305031102.6112 1.3433 0.4926 1.5563 0.6333 0.6266 -0.2643 0.3693
1305031102.6433 1.3487 0.4843 1.5537 0.6355 0.6253 -0.2656 0.3669
1305031102.6753 1.3481 0.4722 1.5481 0.6347 0.6255 -0.2636 0.3693
1305031102.7113 1.3468 0.4603 1.5398 0.6342 0.6266 -0.2608 0.3702
1305031102.7432 1.3523 0.4520 1.5357 0.6355 0.6255 -0.2592 0.3711
1305031102.7755 1.3540 0.4420 1.5254 0.6341 0.6277 -0.2564 0.3718
1305031102.8112 1.3562 0.4349 1.5150 0.6336 0.6296 -0.2515 0.3727
1305031102.8433 1.3555 0.4235 1.5074 0.6326 0.6326 -0.2476 0.3718
1305031102.8754 1.3590 0.4118 1.5024 0.6324 0.6351 -0.2471 0.3683
1305031102.9112 1.3606 0.4032 1.4951 0.6313 0.6372 -0.2446 0.3682
1305031102.9432 1.3604 0.3914 1.4929 0.6304 0.6389 -0.2434 0.3676
1305031102.9752 1.3632 0.3790 1.4930 0.6292 0.6377 -0.2457 0.3702
1305031103.0112 1.3695 0.3660 1.4895 0.6283 0.6373 -0.2443 0.3733
1305031103.0432 1.3726 0.3610 1.4831 0.6275 0.6337 -0.2468 0.3791
1305031103.0753 1.3712 0.3541 1.4737 0.6289 0.6293 -0.2486 0.3830
1305031103.1112 1.3765 0.3480 1.4692 0.6294 0.6300 -0.2466 0.3824
1305031103.1433 1.3809 0.3408 1.4625 0.6295 0.6302 -0.2432 0.3840
1305031103.1755 1.3852 0.3358 1.4601 0.6305 0.6288 -0.2444 0.3837
1305031103.2112 1.3903 0.3262 1.4555 0.6300 0.6294 -0.2388 0.3871
1305031103.2432 1.3984 0.3247 1.4506 0.6303 0.6280 -0.2335 0.3923
1305031103.2754 1.4075 0.3078 1.4536 0.6296 0.6289 -0.2294 0.3943
1305031103.3112 1.4105 0.2998 1.4565 0.6258 0.6298 -0.2296 0.3988
1305031103.3432 1.4053 0.3041 1.4494 0.6228 0.6281 -0.2298 0.4060
1305031103.3753 1.4032 0.3028 1.4482 0.6225 0.6285 -0.2264 0.4077
1305031103.4113 1.4032 0.3028 1.4482 0.6225 0.6285 -0.2264 0.4077
1305031103.4433 1.4024 0.3050 1.4498 0.6228 0.6281 -0.2259 0.4081
1305031103.4753 1.3993 0.3070 1.4527 0.6200 0.6294 -0.2273 0.4097
1305031103.5113 1.3985 0.3120 1.4530 0.6188 0.6306 -0.2284 0.4089
1305031103.5434 1.3904 0.3188 1.4564 0.6189 0.6294 -0.2338 0.4076
1305031103.5755 1.3896 0.3268 1.4659 0.6204 0.6285 -0.2375 0.4046
1305031103.6112 1.3889 0.3334 1.4697 0.6213 0.6267 -0.2382 0.4056
1305031103.6434 1.3756 0.3426 1.4785 0.6202 0.6250 -0.2412 0.4081
1305031103.6755 1.3738 0.3514 1.4837 0.6213 0.6234 -0.2455 0.4063
1305031103.7116 1.3735 0.3611 1.4860 0.6217 0.6234 -0.2455 0.4056
1305031103.7433 1.3648 0.3695 1.4951 0.6217 0.6236 -0.2479 0.4039
1305031103.7753 1.3585 0.3847 1.5000 0.6205 0.6242 -0.2506 0.4033
1305031103.8112 1.3603 0.3988 1.5024 0.6188 0.6265 -0.2495 0.4029
1305031103.8433 1.3576 0.4093 1.5146 0.6167 0.6278 -0.2505 0.4035
1305031103.8754 1.3441 0.4133 1.5247 0.6102 0.6326 -0.2457 0.4088
1305031103.9112 1.3422 0.4230 1.5252 0.6080 0.6325 -0.2474 0.4111
1305031103.9432 1.3347 0.4365 1.5385 0.6079 0.6315 -0.2510 0.4107
1305031103.9754 1.3279 0.4484 1.5429 0.6069 0.6303 -0.2551 0.4114
1305031104.0112 1.3223 0.4565 1.5380 0.6078 0.6280 -0.2587 0.4114
1305031104.0432 1.3216 0.4724 1.5488 0.6098 0.6299 -0.2622 0.4032
1305031104.0754 1.3173 0.4900 1.5501 0.6109 0.6302 -0.2630 0.4006
1305031104.1112 1.3103 0.4989 1.5523 0.6126 0.6332 -0.2595 0.3955
1305031104.1432 1.3024 0.5114 1.5593 0.6144 0.6348 -0.2591 0.3904
1305031104.1754 1.3054 0.5225 1.5693 0.6171 0.6351 -0.2621 0.3835
1305031104.2113 1.3018 0.5331 1.5731 0.6191 0.6352 -0.2622 0.3800
1305031104.2432 1.2918 0.5433 1.5801 0.6208 0.6353 -0.2618 0.3775
1305031104.2755 1.2945 0.5556 1.5841 0.6233 0.6341 -0.2653 0.3728
1305031104.3112 1.2952 0.5662 1.5866 0.6258 0.6341 -0.2652 0.3688
1305031104.3433 1.2918 0.5783 1.5938 0.6274 0.6354 -0.2648 0.3640
1305031104.3758 1.2871 0.5887 1.6069 0.6291 0.6381 -0.2616 0.3587
1305031104.4115 1.2821 0.5971 1.6104 0.6306 0.6390 -0.2574 0.3574
1305031104.4433 1.2836 0.6029 1.6204 0.6322 0.6391 -0.2570 0.3546
1305031104.4755 1.2783 0.6056 1.6313 0.6320 0.6394 -0.2559 0.3554
1305031104.5113 1.2777 0.6088 1.6356 0.6323 0.6383 -0.2560 0.3567
1305031104.5434 1.2749 0.6150 1.6385 0.6331 0.6364 -0.2591 0.3564
1305031104.5753 1.2729 0.6228 1.6397 0.6353 0.6346 -0.2624 0.3533
1305031104.6113 1.2640 0.6305 1.6375 0.6396 0.6339 -0.2631 0.3461
1305031104.6432 1.2650 0.6460 1.6401 0.6457 0.6325 -0.2657 0.3352
1305031104.6755 1.2595 0.6555 1.6376 0.6518 0.6305 -0.2681 0.3252
1305031104.7113 1.2551 0.6648 1.6402 0.6595 0.6281 -0.2692 0.3132
1305031104.7433 1.2554 0.6763 1.6455 0.6663 0.6259 -0.2721 0.3004
1305031104.7753 1.2524 0.6881 1.6480 0.6728 0.6230 -0.2737 0.2904
1305031104.8115 1.2549 0.6970 1.6484 0.6793 0.6202 -0.2742 0.2804
1305031104.8433 1.2582 0.7033 1.6504 0.6851 0.6182 -0.2734 0.2715
1305031104.8754 1.2606 0.7081 1.6573 0.6892 0.6151 -0.2757 0.2657
1305031104.9115 1.2664 0.7100 1.6564 0.6919 0.6133 -0.2746 0.2640
1305031104.9433 1.2661 0.7108 1.6563 0.6926 0.6134 -0.2730 0.2635
1305031104.9752 1.2707 0.7087 1.6582 0.6928 0.6127 -0.2735 0.2640
1305031105.0113 1.2737 0.7062 1.6541 0.6916 0.6149 -0.2677 0.2682
1305031105.0434 1.2771 0.7008 1.6535 0.6891 0.6172 -0.2648 0.2722
1305031105.0753 1.2754 0.6891 1.6491 0.6859 0.6199 -0.2622 0.2766
1305031105.1113 1.2748 0.6824 1.6430 0.6833 0.6221 -0.2580 0.2821
1305031105.1431 1.2829 0.6705 1.6419 0.6799 0.6247 -0.2565 0.2857
1305031105.1752 1.2886 0.6603 1.6329 0.6728 0.6299 -0.2507 0.2961
1305031105.2113 1.2786 0.6415 1.6201 0.6656 0.6353 -0.2408 0.3090
1305031105.2433 1.2841 0.6316 1.6154 0.6611 0.6363 -0.2400 0.3170
1305031105.2753 1.2881 0.6107 1.6084 0.6557 0.6371 -0.2397 0.3266
1305031105.3113 1.2894 0.5942 1.5978 0.6496 0.6389 -0.2346 0.3387
1305031105.3433 1.2868 0.5822 1.5864 0.6446 0.6387 -0.2330 0.3497
1305031105.3753 1.2814 0.5741 1.5736 0.6416 0.6367 -0.2327 0.3589
1305031105.4113 1.2848 0.5655 1.5668 0.6377 0.6375 -0.2301 0.3661
1305031105.4433 1.2862 0.5480 1.5567 0.6338 0.6387 -0.2278 0.3721
1305031105.4753 1.2918 0.5396 1.5459 0.6320 0.6370 -0.2289 0.3774
1305031105.5113 1.2934 0.5275 1.5346 0.6295 0.6371 -0.2264 0.3829
1305031105.5433 1.2937 0.5169 1.5241 0.6277 0.6376 -0.2219 0.3876
1305031105.5754 1.2984 0.5042 1.5153 0.6268 0.6370 -0.2213 0.3903
1305031105.6114 1.3024 0.4892 1.5061 0.6252 0.6393 -0.2169 0.3917
1305031105.6433 1.3055 0.4782 1.4981 0.6271 0.6367 -0.2169 0.3929
1305031105.6752 1.3053 0.4664 1.4861 0.6263 0.6359 -0.2147 0.3966
1305031105.7113 1.3026 0.4551 1.4724 0.6258 0.6379 -0.2101 0.3967
1305031105.7433 1.3092 0.4477 1.4637 0.6279 0.6382 -0.2089 0.3934
1305031105.7753 1.3139 0.4358 1.4511 0.6282 0.6404 -0.2065 0.3907
1305031105.8113 1.3196 0.4238 1.4387 0.6299 0.6427 -0.1999 0.3875
1305031105.8433 1.3212 0.4157 1.4292 0.6317 0.6423 -0.1988 0.3858
1305031105.8753 1.3273 0.4099 1.4223 0.6351 0.6423 -0.1952 0.3821
1305031105.9113 1.3263 0.3989 1.4131 0.6373 0.6421 -0.1853 0.3838
1305031105.9433 1.3370 0.3925 1.4050 0.6379 0.6426 -0.1813 0.3837
1305031105.9753 1.3433 0.3820 1.3993 0.6380 0.6436 -0.1757 0.3846
1305031106.0113 1.3478 0.3751 1.3900 0.6369 0.6448 -0.1681 0.3878
1305031106.0434 1.3552 0.3650 1.3832 0.6362 0.6459 -0.1635 0.3889
1305031106.0753 1.3582 0.3546 1.3792 0.6359 0.6463 -0.1587 0.3909
1305031106.1113 1.3680 0.3466 1.3747 0.6344 0.6475 -0.1536 0.3932
1305031106.1434 1.3679 0.3317 1.3655 0.6309 0.6476 -0.1483 0.4007
1305031106.1755 1.3755 0.3262 1.3659 0.6311 0.6472 -0.1459 0.4020
1305031106.2113 1.3822 0.3188 1.3608 0.6296 0.6482 -0.1436 0.4036
1305031106.2433 1.4457 0.5387 1.4691 0.6396 0.6477 -0.1443 0.3880
1305031106.2764 1.3908 0.3061 1.3599 0.6312 0.6460 -0.1423 0.4050
1305031106.3112 1.4041 0.3038 1.3551 0.6326 0.6434 -0.1412 0.4074
1305031106.3433 1.4074 0.3002 1.3581 0.6298 0.6453 -0.1371 0.4100
1305031106.3754 1.4155 0.3003 1.3544 0.6229 0.6505 -0.1349 0.4131
1305031106.4113 1.4095 0.2996 1.3486 0.6167 0.6568 -0.1269 0.4149
1305031106.4433 1.4035 0.2999 1.3495 0.6137 0.6608 -0.1241 0.4138
1305031106.4753 1.4058 0.3012 1.3522 0.6127 0.6618 -0.1263 0.4130
1305031106.5111 1.4052 0.3042 1.3551 0.6121 0.6618 -0.1264 0.4140
1305031106.5433 1.3964 0.3137 1.3609 0.6109 0.6606 -0.1328 0.4156
1305031106.5753 1.3895 0.3180 1.3674 0.6117 0.6599 -0.1353 0.4147
1305031106.6112 1.3890 0.3250 1.3744 0.6104 0.6604 -0.1370 0.4155
1305031106.6432 1.3845 0.3321 1.3812 0.6097 0.6601 -0.1439 0.4146
1305031106.6753 1.3773 0.3438 1.3922 0.6066 0.6620 -0.1430 0.4164
1305031106.7115 1.3758 0.3524 1.4020 0.6052 0.6614 -0.1443 0.4190
1305031106.7433 1.3627 0.3611 1.4104 0.6031 0.6591 -0.1483 0.4242
1305031106.7754 1.3643 0.3735 1.4181 0.6034 0.6554 -0.1561 0.4265
1305031106.8113 1.3649 0.3887 1.4278 0.6024 0.6550 -0.1568 0.4284
1305031106.8434 1.3482 0.3944 1.4337 0.5989 0.6548 -0.1593 0.4327
1305031106.8759 1.3397 0.4050 1.4435 0.5988 0.6539 -0.1680 0.4308
1305031106.9112 1.3384 0.4233 1.4497 0.5969 0.6566 -0.1699 0.4287
1305031106.9434 1.3334 0.4329 1.4579 0.5965 0.6573 -0.1760 0.4256
1305031106.9755 1.3145 0.4419 1.4652 0.5953 0.6597 -0.1782 0.4226
1305031107.0116 1.3122 0.4617 1.4704 0.5956 0.6609 -0.1796 0.4196
1305031107.0433 1.3054 0.4711 1.4809 0.5953 0.6627 -0.1818 0.4164
1305031107.0754 1.2905 0.4781 1.4908 0.5954 0.6649 -0.1792 0.4139
1305031107.1112 1.2850 0.4904 1.5023 0.5963 0.6654 -0.1814 0.4108
1305031107.1433 1.2841 0.5063 1.5071 0.5977 0.6640 -0.1839 0.4099
1305031107.1754 1.2758 0.5122 1.5122 0.5976 0.6655 -0.1845 0.4074
1305031107.2114 1.2698 0.5235 1.5190 0.5991 0.6671 -0.1863 0.4017
1305031107.2434 1.2613 0.5365 1.5265 0.6015 0.6674 -0.1874 0.3971
1305031107.2754 1.2578 0.5477 1.5277 0.6044 0.6666 -0.1905 0.3926
1305031107.3112 1.2524 0.5575 1.5305 0.6067 0.6678 -0.1908 0.3869
1305031107.3435 1.2457 0.5716 1.5313 0.6114 0.6661 -0.1969 0.3791
1305031107.3754 1.2387 0.5802 1.5381 0.6158 0.6661 -0.1991 0.3707
1305031107.4113 1.2360 0.5883 1.5378 0.6176 0.6682 -0.1977 0.3647
1305031107.4434 1.2338 0.5976 1.5433 0.6211 0.6679 -0.1992 0.3584
1305031107.4754 1.2334 0.6038 1.5409 0.6238 0.6677 -0.1991 0.3541
1305031107.5114 1.2336 0.6102 1.5435 0.6251 0.6692 -0.1953 0.3511
1305031107.5436 1.2373 0.6102 1.5400 0.6262 0.6694 -0.1915 0.3508
1305031107.5755 1.2309 0.6109 1.5342 0.6279 0.6679 -0.1890 0.3520
1305031107.6113 1.2360 0.6125 1.5359 0.6295 0.6683 -0.1862 0.3500
1305031107.6433 1.2373 0.6134 1.5341 0.6293 0.6686 -0.1827 0.3516
1305031107.6756 1.2371 0.6079 1.5332 0.6294 0.6686 -0.1812 0.3521
1305031107.7113 1.2416 0.6079 1.5327 0.6292 0.6690 -0.1777 0.3536
1305031107.7435 1.2465 0.6037 1.5347 0.6289 0.6687 -0.1770 0.3550
1305031107.7758 1.2459 0.6001 1.5324 0.6262 0.6693 -0.1764 0.3589
1305031107.8116 1.2496 0.5995 1.5307 0.6248 0.6699 -0.1744 0.3612
1305031107.8433 1.2521 0.6028 1.5241 0.6236 0.6692 -0.1744 0.3646
1305031107.8754 1.2489 0.6019 1.5174 0.6206 0.6722 -0.1739 0.3643
1305031107.9115 1.2501 0.6038 1.5116 0.6198 0.6751 -0.1717 0.3614
1305031107.9431 1.2488 0.6048 1.5058 0.6202 0.6764 -0.1708 0.3586
1305031107.9758 1.2513 0.6088 1.4990 0.6224 0.6770 -0.1704 0.3540
1305031108.0113 1.2526 0.6149 1.4908 0.6232 0.6796 -0.1684 0.3483
1305031108.0434 1.2539 0.6222 1.4807 0.6263 0.6803 -0.1651 0.3430
1305031108.0754 1.2538 0.6245 1.4702 0.6315 0.6803 -0.1575 0.3370
1305031108.1114 1.2542 0.6262 1.4652 0.6330 0.6835 -0.1521 0.3303
1305031108.1433 1.2579 0.6341 1.4558 0.6356 0.6830 -0.1516 0.3263
1305031108.1761 1.2629 0.6418 1.4523 0.6374 0.6828 -0.1468 0.3256
1305031108.2115 1.2642 0.6420 1.4428 0.6350 0.6863 -0.1390 0.3263
1305031108.2433 1.2603 0.6483 1.4245 0.6329 0.6886 -0.1369 0.3264
1305031108.2754 1.2657 0.6555 1.4196 0.6342 0.6899 -0.1345 0.3221
1305031108.3113 1.2712 0.6598 1.4156 0.6340 0.6915 -0.1280 0.3218
1305031108.3433 1.2698 0.6595 1.4099 0.6327 0.6918 -0.1221 0.3259
1305031108.3754 1.2772 0.6622 1.4013 0.6342 0.6885 -0.1190 0.3310
1305031108.4114 1.2821 0.6630 1.3923 0.6358 0.6858 -0.1132 0.3356
1305031108.4436 1.2754 0.6760 1.3795 0.6376 0.6813 -0.1070 0.3433
1305031108.4755 1.2807 0.6755 1.3696 0.6405 0.6781 -0.1024 0.3456
1305031108.5114 1.2803 0.6865 1.3535 0.6434 0.6765 -0.0974 0.3449
1305031108.5437 1.2801 0.6917 1.3438 0.6447 0.6797 -0.0952 0.3366
1305031108.5754 1.2820 0.7011 1.3423 0.6455 0.6825 -0.0945 0.3296
1305031108.6114 1.2829 0.7079 1.3327 0.6458 0.6850 -0.0866 0.3259
1305031108.6433 1.2841 0.7149 1.3263 0.6475 0.6858 -0.0819 0.3221
1305031108.6754 1.2908 0.7260 1.3178 0.6504 0.6848 -0.0767 0.3196
1305031108.7114 1.2908 0.7308 1.3099 0.6520 0.6855 -0.0644 0.3176
1305031108.7435 1.2868 0.7323 1.3034 0.6522 0.6873 -0.0574 0.3146
1305031108.7755 1.2906 0.7406 1.2965 0.6544 0.6860 -0.0544 0.3132
1305031108.8112 1.2900 0.7433 1.2933 0.6570 0.6844 -0.0466 0.3128
1305031108.8433 1.2902 0.7428 1.2925 0.6612 0.6812 -0.0445 0.3112
1305031108.8765 1.2861 0.7428 1.2932 0.6652 0.6765 -0.0439 0.3129
1305031108.9114 1.2819 0.7418 1.2922 0.6688 0.6722 -0.0427 0.3147
1305031108.9432 1.2789 0.7405 1.2972 0.6706 0.6705 -0.0474 0.3137
1305031108.9753 1.2798 0.7422 1.3056 0.6704 0.6699 -0.0548 0.3142
1305031109.0113 1.2823 0.7421 1.3068 0.6694 0.6697 -0.0559 0.3166
1305031109.0433 1.2796 0.7405 1.3120 0.6676 0.6708 -0.0584 0.3176
1305031109.0754 1.2810 0.7419 1.3226 0.6639 0.6735 -0.0623 0.3190
1305031109.1113 1.2847 0.7398 1.3242 0.6610 0.6748 -0.0613 0.3225
1305031109.1433 1.2761 0.7290 1.3327 0.6579 0.6764 -0.0616 0.3253
1305031109.1755 1.2780 0.7234 1.3439 0.6556 0.6763 -0.0676 0.3290
1305031109.2114 1.2864 0.7219 1.3537 0.6562 0.6731 -0.0668 0.3346
1305031109.2433 1.2852 0.7115 1.3600 0.6557 0.6701 -0.0601 0.3427
1305031109.2753 1.2795 0.6973 1.3640 0.6564 0.6661 -0.0591 0.3492
1305031109.3113 1.2790 0.6904 1.3757 0.6566 0.6626 -0.0639 0.3546
1305031109.3432 1.2796 0.6811 1.3900 0.6546 0.6606 -0.0690 0.3610
1305031109.3754 1.2775 0.6692 1.3939 0.6522 0.6582 -0.0725 0.3690
1305031109.4113 1.2798 0.6635 1.4023 0.6483 0.6585 -0.0763 0.3746
1305031109.4433 1.2823 0.6567 1.4112 0.6433 0.6600 -0.0813 0.3793
1305031109.4754 1.2769 0.6498 1.4121 0.6392 0.6609 -0.0828 0.3845
1305031109.5113 1.2707 0.6428 1.4164 0.6354 0.6627 -0.0838 0.3874
1305031109.5433 1.2714 0.6392 1.4233 0.6345 0.6624 -0.0891 0.3882
1305031109.5754 1.2707 0.6313 1.4339 0.6347 0.6620 -0.0899 0.3884
1305031109.6113 1.2705 0.6263 1.4391 0.6333 0.6615 -0.0913 0.3912
1305031109.6432 1.2675 0.6197 1.4479 0.6316 0.6620 -0.0910 0.3930
1305031109.6753 1.2656 0.6113 1.4585 0.6319 0.6607 -0.0884 0.3955
1305031109.7113 1.2654 0.6038 1.4671 0.6295 0.6603 -0.0875 0.4000
1305031109.7433 1.2662 0.5941 1.4740 0.6268 0.6603 -0.0868 0.4045
1305031109.7753 1.2645 0.5870 1.4759 0.6250 0.6587 -0.0862 0.4100
1305031109.8114 1.2655 0.5815 1.4808 0.6236 0.6578 -0.0863 0.4135
1305031109.8433 1.2653 0.5745 1.4864 0.6210 0.6572 -0.0852 0.4186
1305031109.8753 1.2660 0.5648 1.4902 0.6172 0.6568 -0.0868 0.4245
1305031109.9113 1.2630 0.5530 1.4935 0.6114 0.6582 -0.0888 0.4302
1305031109.9433 1.2685 0.5492 1.4983 0.6089 0.6577 -0.0935 0.4334
1305031109.9753 1.2660 0.5375 1.5003 0.6029 0.6596 -0.0937 0.4388
1305031110.0113 1.2670 0.5287 1.5035 0.5962 0.6630 -0.0949 0.4427
1305031110.0433 1.2631 0.5183 1.5065 0.5906 0.6661 -0.0956 0.4454
1305031110.0753 1.2646 0.5115 1.5116 0.5867 0.6678 -0.0973 0.4476
1305031110.1113 1.2647 0.4993 1.5154 0.5809 0.6703 -0.0952 0.4518
1305031110.1434 1.2633 0.4904 1.5182 0.5775 0.6700 -0.0988 0.4559
1305031110.1756 1.2663 0.4840 1.5257 0.5756 0.6690 -0.1012 0.4593
1305031110.2116 1.2651 0.4742 1.5279 0.5717 0.6689 -0.0994 0.4646
1305031110.2433 1.2604 0.4650 1.5322 0.5711 0.6663 -0.1005 0.4688
1305031110.2793 1.2584 0.4572 1.5369 0.5702 0.6652 -0.1042 0.4707
1305031110.3114 1.2564 0.4549 1.5429 0.5695 0.6644 -0.1072 0.4719
1305031110.3434 1.2538 0.4452 1.5506 0.5683 0.6626 -0.1090 0.4755
1305031110.3793 1.2504 0.4357 1.5575 0.5655 0.6618 -0.1146 0.4785
1305031110.4115 1.2496 0.4287 1.5672 0.5627 0.6612 -0.1174 0.4821
1305031110.4433 1.2492 0.4229 1.5742 0.5569 0.6606 -0.1197 0.4890
1305031110.4793 1.2877 0.4621 1.5513 0.5604 0.6602 -0.1164 0.4864
1305031110.5114 1.2935 0.4544 1.5605 0.5560 0.6606 -0.1220 0.4895
1305031110.5434 1.2863 0.4478 1.5672 0.5523 0.6583 -0.1236 0.4963
1305031110.5794 1.2890 0.4408 1.5743 0.5460 0.6589 -0.1267 0.5016
1305031110.6113 1.2912 0.4290 1.5741 0.5405 0.6603 -0.1260 0.5060
1305031110.6434 1.2892 0.4226 1.5771 0.5391 0.6601 -0.1299 0.5068
1305031110.6796 1.2901 0.4197 1.5868 0.5372 0.6607 -0.1321 0.5074
1305031110.7114 1.2899 0.4122 1.5882 0.5337 0.6620 -0.1284 0.5103
1305031110.7432 1.2913 0.4071 1.5916 0.5323 0.6621 -0.1307 0.5111
1305031110.7792 1.2919 0.4048 1.5911 0.5315 0.6608 -0.1325 0.5132
1305031110.8114 1.2947 0.4022 1.5926 0.5291 0.6629 -0.1318 0.5131
1305031110.8432 1.2931 0.3989 1.5937 0.5265 0.6630 -0.1320 0.5155
1305031110.8793 1.2954 0.4005 1.5907 0.5268 0.6612 -0.1347 0.5170
1305031110.9113 1.2993 0.4001 1.5943 0.5249 0.6635 -0.1345 0.5159
1305031110.9439 1.3017 0.4020 1.5924 0.5235 0.6639 -0.1354 0.5166
1305031110.9793 1.2994 0.4064 1.5858 0.5240 0.6629 -0.1342 0.5177
1305031111.0114 1.3019 0.4070 1.5776 0.5239 0.6658 -0.1275 0.5158
1305031111.0433 1.3039 0.4125 1.5740 0.5272 0.6677 -0.1243 0.5107
1305031111.0793 1.3043 0.4167 1.5760 0.5277 0.6690 -0.1193 0.5097
1305031111.1115 1.3080 0.4193 1.5678 0.5290 0.6694 -0.1140 0.5090
1305031111.1433 1.3061 0.4243 1.5628 0.5308 0.6714 -0.1122 0.5049
1305031111.1793 1.3046 0.4335 1.5520 0.5330 0.6717 -0.1108 0.5025
1305031111.2114 1.3071 0.4406 1.5496 0.5360 0.6758 -0.1033 0.4952
1305031111.2432 1.3026 0.4427 1.5431 0.5366 0.6776 -0.1004 0.4928
1305031111.2793 1.2877 0.4501 1.5334 0.5395 0.6767 -0.0957 0.4918
1305031111.3115 1.2859 0.4620 1.5338 0.5430 0.6787 -0.0914 0.4859
1305031111.3434 1.2827 0.4630 1.5311 0.5407 0.6788 -0.0879 0.4891
1305031111.3791 1.2886 0.4651 1.5238 0.5434 0.6780 -0.0891 0.4869
1305031111.4113 1.2838 0.4749 1.5248 0.5440 0.6798 -0.0896 0.4837
1305031111.4434 1.2870 0.4826 1.5138 0.5398 0.6809 -0.0942 0.4860
1305031111.4793 1.2911 0.4926 1.5016 0.5426 0.6843 -0.0929 0.4782
1305031111.5113 1.2863 0.4988 1.4994 0.5447 0.6915 -0.0844 0.4669
1305031111.5433 1.2865 0.5085 1.4874 0.5473 0.6927 -0.0813 0.4627
1305031111.5792 1.2750 0.5238 1.4797 0.5541 0.6924 -0.0743 0.4561
1305031111.6113 1.2738 0.5278 1.4779 0.5583 0.6928 -0.0653 0.4518
1305031111.6434 1.2694 0.5309 1.4650 0.5637 0.6895 -0.0627 0.4504
1305031111.6793 1.2538 0.5490 1.4622 0.5685 0.6900 -0.0565 0.4444
1305031111.7118 1.2515 0.5550 1.4554 0.5684 0.6950 -0.0474 0.4377
1305031111.7434 1.2464 0.5688 1.4386 0.5724 0.6967 -0.0403 0.4306
1305031111.7794 1.2517 0.5834 1.4264 0.5793 0.6997 -0.0323 0.4169
1305031111.8114 1.2490 0.5924 1.4127 0.5807 0.7039 -0.0223 0.4083
1305031111.8433 1.2419 0.6030 1.4061 0.5838 0.7060 -0.0161 0.4007
1305031111.8794 1.2393 0.6179 1.3975 0.5854 0.7053 -0.0106 0.3996
1305031111.9114 1.2462 0.6184 1.3956 0.5903 0.7040 -0.0077 0.3948
1305031111.9433 1.2406 0.6288 1.3886 0.5958 0.6974 -0.0056 0.3983
1305031111.9794 1.2499 0.6382 1.3873 0.6026 0.6947 -0.0031 0.3927
1305031112.0114 1.2542 0.6521 1.3753 0.6024 0.6986 0.0015 0.3861
1305031112.0433 1.2475 0.6624 1.3705 0.6031 0.7020 0.0043 0.3788
1305031112.0793 1.2477 0.6795 1.3577 0.6036 0.7059 0.0074 0.3706
1305031112.1114 1.2450 0.6905 1.3549 0.6010 0.7120 0.0111 0.3628
1305031112.1443 1.2438 0.6992 1.3483 0.5966 0.7178 0.0141 0.3586
1305031112.1794 1.2464 0.7129 1.3361 0.5950 0.7229 0.0202 0.3508
1305031112.2113 1.2420 0.7150 1.3258 0.5903 0.7300 0.0287 0.3433
1305031112.2434 1.2377 0.7251 1.3157 0.5889 0.7354 0.0298 0.3339
1305031112.2794 1.2349 0.7345 1.3068 0.5886 0.7385 0.0287 0.3276
1305031112.3113 1.2290 0.7388 1.3039 0.5883 0.7412 0.0299 0.3217
1305031112.3433 1.2288 0.7472 1.2971 0.5921 0.7405 0.0259 0.3169
1305031112.3794 1.2287 0.7517 1.2950 0.5965 0.7378 0.0258 0.3149
1305031112.4114 1.2281 0.7578 1.2911 0.5989 0.7364 0.0276 0.3135
1305031112.4434 1.2270 0.7665 1.2822 0.6046 0.7318 0.0281 0.3132
1305031112.4794 1.2260 0.7752 1.2786 0.6123 0.7256 0.0285 0.3127
1305031112.5115 1.2253 0.7767 1.2754 0.6168 0.7220 0.0314 0.3120
1305031112.5432 1.2221 0.7860 1.2691 0.6209 0.7177 0.0300 0.3138
1305031112.5793 1.2227 0.7901 1.2665 0.6250 0.7141 0.0295 0.3140
1305031112.6113 1.2239 0.7975 1.2643 0.6283 0.7112 0.0345 0.3135
1305031112.6432 1.2230 0.8100 1.2560 0.6326 0.7077 0.0419 0.3117
1305031112.6800 1.2265 0.8156 1.2531 0.6349 0.7069 0.0468 0.3080
1305031112.7113 1.2321 0.8208 1.2535 0.6358 0.7073 0.0522 0.3045
1305031112.7432 1.2362 0.8262 1.2569 0.6370 0.7059 0.0582 0.3043
1305031112.7793 1.2348 0.8230 1.2523 0.6355 0.7055 0.0676 0.3065
1305031112.8113 1.2374 0.8225 1.2537 0.6348 0.7055 0.0691 0.3076
1305031112.8433 1.2409 0.8156 1.2584 0.6326 0.7057 0.0670 0.3120
1305031112.8794 1.2401 0.8125 1.2579 0.6324 0.7039 0.0702 0.3157
1305031112.9114 1.2427 0.8091 1.2616 0.6334 0.7014 0.0722 0.3188
1305031112.9433 1.2376 0.7974 1.2640 0.6308 0.7011 0.0729 0.3244
1305031112.9793 1.2398 0.7936 1.2673 0.6300 0.7007 0.0679 0.3279
1305031113.0114 1.2411 0.7928 1.2726 0.6291 0.7001 0.0680 0.3309
1305031113.0432 1.2437 0.7901 1.2777 0.6273 0.7000 0.0673 0.3346
1305031113.0793 1.2384 0.7778 1.2799 0.6231 0.7024 0.0657 0.3377
1305031113.1113 1.2360 0.7762 1.2892 0.6207 0.7037 0.0604 0.3405
1305031113.1433 1.2403 0.7733 1.2982 0.6197 0.7032 0.0573 0.3438
1305031113.1793 1.2395 0.7578 1.3021 0.6199 0.7019 0.0598 0.3456
1305031113.2113 1.2397 0.7527 1.3119 0.6219 0.6988 0.0560 0.3490
1305031113.2432 1.2443 0.7405 1.3262 0.6227 0.6970 0.0525 0.3518
1305031113.2793 1.2343 0.7278 1.3259 0.6217 0.6931 0.0539 0.3608
1305031113.3115 1.2271 0.7164 1.3294 0.6248 0.6884 0.0505 0.3649
1305031113.3433 1.2267 0.7090 1.3435 0.6259 0.6851 0.0384 0.3706
1305031113.3793 1.2301 0.6961 1.3500 0.6240 0.6833 0.0339 0.3776
1305031113.4116 1.2290 0.6825 1.3531 0.6237 0.6808 0.0297 0.3828
1305031113.4433 1.2285 0.6725 1.3613 0.6208 0.6811 0.0226 0.3876
1305031113.4793 1.2296 0.6609 1.3689 0.6157 0.6815 0.0177 0.3951
1305031113.5115 1.2257 0.6476 1.3707 0.6118 0.6802 0.0189 0.4034
1305031113.5432 1.2290 0.6352 1.3767 0.6092 0.6797 0.0134 0.4083
1305031113.5793 1.2315 0.6268 1.3826 0.6051 0.6801 0.0078 0.4140
1305031113.6113 1.2348 0.6189 1.3882 0.5995 0.6825 0.0083 0.4180
1305031113.6432 1.2328 0.6075 1.3904 0.5957 0.6837 0.0095 0.4214
1305031113.6793 1.2287 0.6003 1.3912 0.5938 0.6835 0.0067 0.4246
1305031113.7119 1.2293 0.5938 1.3912 0.5900 0.6855 0.0057 0.4266
1305031113.7436 1.2269 0.5888 1.3931 0.5873 0.6876 0.0047 0.4269
1305031113.7793 1.2209 0.5755 1.3985 0.5841 0.6911 0.0057 0.4257
1305031113.8112 1.2222 0.5711 1.4018 0.5832 0.6913 0.0053 0.4265
1305031113.8433 1.2230 0.5667 1.4033 0.5805 0.6924 0.0047 0.4285
1305031113.8793 1.2151 0.5464 1.4094 0.5774 0.6959 0.0048 0.4269
1305031113.9113 1.2197 0.5429 1.4174 0.5789 0.6953 0.0009 0.4260
1305031113.9433 1.2164 0.5348 1.4182 0.5777 0.6963 0.0001 0.4260
1305031113.9793 1.2138 0.5231 1.4255 0.5756 0.7001 -0.0029 0.4226
1305031114.0113 1.2120 0.5140 1.4330 0.5729 0.7033 -0.0048 0.4208
1305031114.0433 1.2080 0.5009 1.4392 0.5724 0.7025 -0.0065 0.4229
1305031114.0793 1.2088 0.4881 1.4470 0.5728 0.7007 -0.0126 0.4251
1305031114.1113 1.2082 0.4799 1.4548 0.5708 0.7004 -0.0165 0.4283
1305031114.1433 1.2084 0.4724 1.4585 0.5688 0.6990 -0.0217 0.4329
1305031114.1793 1.2057 0.4636 1.4571 0.5687 0.6979 -0.0256 0.4345
1305031114.2113 1.2075 0.4562 1.4690 0.5676 0.6998 -0.0267 0.4330
1305031114.2433 1.2097 0.4377 1.4804 0.5632 0.7031 -0.0277 0.4333
1305031114.2794 1.2068 0.4298 1.4852 0.5622 0.6997 -0.0314 0.4397
1305031114.3114 1.2083 0.4215 1.4918 0.5608 0.6969 -0.0340 0.4458
1305031114.3433 1.2080 0.4119 1.4917 0.5581 0.6952 -0.0371 0.4515
1305031114.3793 1.2080 0.4072 1.4933 0.5558 0.6956 -0.0415 0.4533
1305031114.4114 1.2061 0.3983 1.4977 0.5529 0.6971 -0.0422 0.4544
1305031114.4433 1.2083 0.3860 1.5052 0.5515 0.6968 -0.0456 0.4563
1305031114.4793 1.2038 0.3837 1.5051 0.5507 0.6913 -0.0499 0.4651
1305031114.5113 1.2079 0.3766 1.5106 0.5475 0.6909 -0.0542 0.4691
1305031114.5432 1.2082 0.3732 1.5080 0.5470 0.6866 -0.0542 0.4759
1305031114.5792 1.2059 0.3663 1.5094 0.5488 0.6846 -0.0517 0.4769
1305031114.6114 1.2087 0.3578 1.5147 0.5477 0.6857 -0.0470 0.4771
1305031114.6441 1.2087 0.3526 1.5177 0.5464 0.6834 -0.0451 0.4821
1305031114.6793 1.2067 0.3471 1.5166 0.5445 0.6802 -0.0468 0.4885
1305031114.7113 1.2064 0.3426 1.5127 0.5434 0.6782 -0.0461 0.4925
1305031114.7432 1.2068 0.3411 1.5136 0.5411 0.6790 -0.0504 0.4936
1305031114.7793 1.2066 0.3432 1.5145 0.5401 0.6796 -0.0543 0.4935
1305031114.8113 1.2072 0.3422 1.5164 0.5376 0.6827 -0.0513 0.4922
1305031114.8432 1.2070 0.3441 1.5130 0.5368 0.6820 -0.0535 0.4938
1305031114.8793 1.2102 0.3489 1.5145 0.5368 0.6820 -0.0541 0.4937
1305031114.9129 1.2135 0.3509 1.5117 0.5347 0.6837 -0.0512 0.4940
1305031114.9432 1.2140 0.3571 1.5106 0.5328 0.6847 -0.0497 0.4949
1305031114.9793 1.2174 0.3625 1.5077 0.5317 0.6855 -0.0482 0.4950
1305031115.0113 1.2212 0.3672 1.5067 0.5279 0.6883 -0.0429 0.4956
1305031115.0435 1.2238 0.3721 1.4957 0.5265 0.6889 -0.0391 0.4967
1305031115.0792 1.2190 0.3814 1.4935 0.5253 0.6908 -0.0344 0.4956
1305031115.1112 1.2245 0.3880 1.4840 0.5236 0.6936 -0.0263 0.4940
1305031115.1433 1.2143 0.3941 1.4780 0.5238 0.6973 -0.0158 0.4891
1305031115.1794 1.2168 0.3989 1.4734 0.5231 0.6995 -0.0120 0.4866
1305031115.2114 1.2204 0.4035 1.4592 0.5242 0.7007 -0.0062 0.4840
1305031115.2433 1.2170 0.4092 1.4523 0.5276 0.7029 -0.0027 0.4771
1305031115.2800 1.2107 0.4222 1.4500 0.5306 0.7013 0.0021 0.4760
1305031115.3117 1.2151 0.4276 1.4364 0.5326 0.7030 0.0110 0.4712
1305031115.3432 1.2098 0.4396 1.4328 0.5354 0.7071 0.0164 0.4615
1305031115.3792 1.2087 0.4427 1.4365 0.5362 0.7081 0.0257 0.4586
1305031115.4112 1.2128 0.4473 1.4281 0.5343 0.7060 0.0300 0.4639
1305031115.4432 1.2177 0.4574 1.4191 0.5358 0.7044 0.0342 0.4644
1305031115.4792 1.2175 0.4684 1.4123 0.5379 0.7016 0.0407 0.4655
1305031115.5113 1.2219 0.4798 1.4027 0.5376 0.7029 0.0478 0.4633
1305031115.5436 1.2065 0.5035 1.3797 0.5397 0.7033 0.0613 0.4586
1305031115.5793 1.2062 0.5084 1.3727 0.5440 0.7054 0.0705 0.4488
1305031115.6114 1.2035 0.5209 1.3673 0.5456 0.7070 0.0803 0.4428
1305031115.6433 1.1857 0.5318 1.3559 0.5491 0.7060 0.0883 0.4385
1305031115.6792 1.1895 0.5399 1.3548 0.5584 0.7023 0.0928 0.4316
1305031115.7113 1.1885 0.5535 1.3504 0.5639 0.6991 0.0983 0.4284
1305031115.7432 1.1869 0.5710 1.3465 0.5675 0.6995 0.1038 0.4218
1305031115.7794 1.1828 0.5853 1.3424 0.5726 0.7000 0.1108 0.4122
1305031115.8113 1.1814 0.6027 1.3386 0.5773 0.6989 0.1213 0.4044
1305031115.8432 1.1814 0.6134 1.3296 0.5800 0.6989 0.1309 0.3976
1305031115.8792 1.1616 0.6284 1.3076 0.5814 0.6937 0.1409 0.4010
1305031115.9111 1.1641 0.6419 1.3054 0.5861 0.6928 0.1453 0.3943
1305031115.9433 1.1622 0.6489 1.2998 0.5890 0.6919 0.1530 0.3885
1305031115.9807 1.1669 0.6608 1.2979 0.5919 0.6910 0.1594 0.3832
1305031116.0114 1.1665 0.6788 1.2882 0.5915 0.6916 0.1687 0.3787
1305031116.0432 1.1703 0.6874 1.2830 0.5901 0.6953 0.1790 0.3691
1305031116.0800 1.1758 0.7028 1.2818 0.5911 0.6959 0.1863 0.3627
1305031116.1113 1.1784 0.7141 1.2755 0.5888 0.6969 0.1991 0.3578
1305031116.1434 1.1876 0.7165 1.2713 0.5888 0.6986 0.2080 0.3492
1305031116.1796 1.1897 0.7190 1.2726 0.5895 0.6997 0.2149 0.3416
1305031116.2113 1.1930 0.7334 1.2660 0.5896 0.6982 0.2225 0.3396
1305031116.2433 1.1994 0.7428 1.2629 0.5919 0.6982 0.2268 0.3327
1305031116.2794 1.1974 0.7550 1.2567 0.5934 0.6978 0.2328 0.3269
1305031116.3113 1.1987 0.7687 1.2562 0.5944 0.6969 0.2405 0.3214
1305031116.3433 1.1986 0.7736 1.2464 0.5948 0.6964 0.2454 0.3177
1305031116.3794 1.1907 0.7722 1.2415 0.5947 0.6980 0.2474 0.3128
1305031116.4113 1.1861 0.7764 1.2429 0.5964 0.6971 0.2498 0.3098
1305031116.4434 1.1857 0.7803 1.2466 0.6025 0.6902 0.2556 0.3087
1305031116.4799 1.1859 0.7810 1.2460 0.6055 0.6878 0.2570 0.3070
1305031116.5112 1.1836 0.7815 1.2476 0.6038 0.6897 0.2554 0.3073
1305031116.5433 1.1793 0.7781 1.2526 0.6008 0.6929 0.2531 0.3080
1305031116.5793 1.1794 0.7732 1.2600 0.6001 0.6937 0.2500 0.3100
1305031116.6113 1.1787 0.7665 1.2624 0.5967 0.6957 0.2461 0.3152
1305031116.6434 1.1759 0.7544 1.2703 0.5920 0.6989 0.2383 0.3230
1305031116.6793 1.1738 0.7446 1.2733 0.5865 0.7025 0.2315 0.3301
1305031116.7116 1.1726 0.7381 1.2799 0.5801 0.7071 0.2256 0.3357
1305031116.7433 1.1709 0.7311 1.2877 0.5733 0.7110 0.2188 0.3433
1305031116.7793 1.1710 0.7204 1.2948 0.5663 0.7149 0.2133 0.3502
1305031116.8113 1.1707 0.7091 1.3012 0.5606 0.7181 0.2091 0.3553
1305031116.8461 1.1681 0.6967 1.3104 0.5571 0.7191 0.2004 0.3638
1305031116.8802 1.1715 0.6805 1.3206 0.5540 0.7195 0.1923 0.3721
1305031116.9120 1.1736 0.6671 1.3296 0.5525 0.7181 0.1857 0.3802
1305031116.9433 1.1752 0.6512 1.3395 0.5485 0.7177 0.1750 0.3916
1305031116.9794 1.1835 0.6381 1.3488 0.5432 0.7203 0.1620 0.3999
1305031117.0114 1.1838 0.6278 1.3566 0.5388 0.7205 0.1526 0.4090
1305031117.0433 1.1900 0.6136 1.3689 0.5353 0.7206 0.1444 0.4165
1305031117.0795 1.1965 0.6046 1.3772 0.5317 0.7194 0.1368 0.4255
1305031117.1112 1.1963 0.5944 1.3809 0.5307 0.7149 0.1334 0.4353
1305031117.1432 1.2030 0.5866 1.3934 0.5300 0.7118 0.1276 0.4429
1305031117.1793 1.2105 0.5751 1.4023 0.5263 0.7124 0.1220 0.4478
1305031117.2114 1.2190 0.5719 1.4120 0.5231 0.7137 0.1180 0.4506
1305031117.2433 1.2218 0.5751 1.4091 0.5212 0.7112 0.1174 0.4569
1305031117.2793 1.2226 0.5718 1.4046 0.5167 0.7121 0.1187 0.4603
1305031117.3112 1.2285 0.5743 1.4022 0.5150 0.7123 0.1199 0.4615
1305031117.3432 1.2270 0.5689 1.4025 0.5133 0.7129 0.1217 0.4620
1305031117.3795 1.2242 0.5651 1.3992 0.5132 0.7131 0.1217 0.4619
1305031117.4112 1.1829 0.7051 1.4979 0.4927 0.7261 0.1074 0.4675
1305031117.4433 1.2179 0.5623 1.3951 0.5160 0.7113 0.1199 0.4620
1305031117.4794 1.2137 0.5573 1.3941 0.5175 0.7112 0.1184 0.4609
1305031117.5113 1.2117 0.5551 1.3905 0.5196 0.7105 0.1170 0.4599
1305031117.5443 1.2063 0.5554 1.3881 0.5220 0.7105 0.1133 0.4582
1305031117.5792 1.2008 0.5510 1.3865 0.5227 0.7113 0.1093 0.4570
1305031117.6112 1.1959 0.5496 1.3803 0.5228 0.7114 0.1100 0.4567
1305031117.6433 1.1936 0.5451 1.3759 0.5250 0.7092 0.1071 0.4581
1305031117.6793 1.1946 0.5421 1.3763 0.5264 0.7093 0.1039 0.4571
1305031117.7112 1.1957 0.5407 1.3702 0.5281 0.7074 0.1040 0.4582
1305031117.7432 1.1888 0.5327 1.3653 0.5300 0.7059 0.1042 0.4582
1305031117.7795 1.1836 0.5257 1.3581 0.5311 0.7040 0.1049 0.4598
1305031117.8113 1.1864 0.5257 1.3488 0.5328 0.7020 0.1035 0.4610
1305031117.8433 1.1825 0.5204 1.3420 0.5328 0.7036 0.1030 0.4587
1305031117.8795 1.1745 0.5142 1.3354 0.5337 0.7047 0.1044 0.4558
1305031117.9114 1.1704 0.5140 1.3209 0.5341 0.7035 0.1058 0.4567
1305031117.9433 1.1700 0.5063 1.3209 0.5339 0.7073 0.1047 0.4514
1305031117.9792 1.1663 0.5013 1.3144 0.5328 0.7080 0.1069 0.4511
1305031118.0112 1.1668 0.4980 1.3021 0.5315 0.7081 0.1087 0.4520
1305031118.0435 1.1566 0.4875 1.2965 0.5306 0.7101 0.1107 0.4495
1305031118.0793 1.1576 0.4850 1.2900 0.5300 0.7119 0.1087 0.4477
1305031118.1112 1.1566 0.4822 1.2781 0.5284 0.7148 0.1104 0.4446
1305031118.1433 1.1462 0.4747 1.2737 0.5273 0.7178 0.1136 0.4403
1305031118.1793 1.1444 0.4686 1.2624 0.5258 0.7200 0.1135 0.4385
1305031118.2112 1.1385 0.4614 1.2547 0.5264 0.7213 0.1159 0.4351
1305031118.2432 1.1340 0.4556 1.2507 0.5276 0.7222 0.1122 0.4329
1305031118.2792 1.1308 0.4513 1.2406 0.5290 0.7229 0.1081 0.4310
1305031118.3113 1.1285 0.4544 1.2340 0.5301 0.7242 0.1048 0.4285
1305031118.3433 1.1204 0.4460 1.2298 0.5316 0.7259 0.1016 0.4245
1305031118.3792 1.1155 0.4392 1.2249 0.5311 0.7285 0.0996 0.4212
1305031118.4113 1.1148 0.4376 1.2244 0.5317 0.7291 0.0979 0.4196
1305031118.4457 1.1113 0.4356 1.2224 0.5329 0.7280 0.0989 0.4199
1305031118.4793 1.1101 0.4348 1.2184 0.5351 0.7264 0.0992 0.4198
1305031118.5113 1.1110 0.4376 1.2182 0.5359 0.7261 0.1003 0.4190
1305031118.5444 1.1112 0.4426 1.2195 0.5350 0.7261 0.1006 0.4201
1305031118.5793 1.1156 0.4438 1.2205 0.5329 0.7275 0.1040 0.4195
1305031118.6161 1.1204 0.4523 1.2200 0.5301 0.7289 0.1074 0.4197
1305031118.6453 1.1196 0.4497 1.2285 0.5272 0.7317 0.1088 0.4181
1305031118.6793 1.1192 0.4554 1.2289 0.5256 0.7311 0.1120 0.4203
1305031118.7114 1.1250 0.4590 1.2278 0.5224 0.7317 0.1154 0.4223
1305031118.7468 1.1228 0.4592 1.2394 0.5233 0.7311 0.1131 0.4230
1305031118.7793 1.1242 0.4648 1.2510 0.5232 0.7290 0.1121 0.4269
1305031118.8112 1.1312 0.4676 1.2471 0.5206 0.7273 0.1155 0.4320
1305031118.8468 1.1311 0.4777 1.2510 0.5221 0.7260 0.1152 0.4325
1305031118.8792 1.1305 0.4883 1.2691 0.5211 0.7282 0.1135 0.4304
1305031118.9112 1.1349 0.4921 1.2713 0.5172 0.7290 0.1184 0.4325
1305031118.9470 1.1349 0.4988 1.2820 0.5160 0.7301 0.1181 0.4321
1305031118.9794 1.1324 0.5075 1.2929 0.5131 0.7308 0.1182 0.4343
1305031119.0114 1.1386 0.5140 1.3009 0.5093 0.7309 0.1226 0.4374
1305031119.0472 1.1425 0.5168 1.3084 0.5087 0.7303 0.1228 0.4391
1305031119.0792 1.1391 0.5227 1.3192 0.5079 0.7287 0.1241 0.4423
1305031119.1113 1.1413 0.5256 1.3271 0.5071 0.7271 0.1270 0.4450
1305031119.1476 1.1446 0.5317 1.3365 0.5078 0.7247 0.1250 0.4487
1305031119.1792 1.1503 0.5381 1.3463 0.5083 0.7234 0.1214 0.4512
1305031119.2114 1.1503 0.5429 1.3541 0.5095 0.7220 0.1226 0.4517
1305031119.2474 1.1568 0.5510 1.3649 0.5102 0.7214 0.1214 0.4522
1305031119.2792 1.1555 0.5560 1.3742 0.5110 0.7204 0.1207 0.4531
1305031119.3112 1.1578 0.5582 1.3790 0.5117 0.7186 0.1247 0.4541
1305031119.3477 1.1604 0.5627 1.3863 0.5139 0.7165 0.1236 0.4552
1305031119.3792 1.1588 0.5670 1.3971 0.5134 0.7161 0.1243 0.4563
1305031119.4115 1.1640 0.5721 1.4016 0.5126 0.7159 0.1276 0.4566
1305031119.4477 1.1653 0.5775 1.4085 0.5115 0.7165 0.1294 0.4563
1305031119.4793 1.1670 0.5828 1.4175 0.5117 0.7173 0.1298 0.4548
1305031119.5112 1.1710 0.5889 1.4265 0.5102 0.7174 0.1347 0.4548
1305031119.5474 1.1730 0.5916 1.4340 0.5109 0.7160 0.1362 0.4559
1305031119.5796 1.1773 0.5954 1.4461 0.5091 0.7172 0.1390 0.4551
1305031119.6150 1.1799 0.5992 1.4429 0.5062 0.7151 0.1473 0.4590
1305031119.6479 1.1917 0.5978 1.4537 0.5062 0.7154 0.1487 0.4581
1305031119.6792 1.1941 0.6094 1.4635 0.5028 0.7162 0.1517 0.4596
1305031119.7152 1.2018 0.6131 1.4681 0.5005 0.7157 0.1613 0.4597
1305031119.7472 1.2032 0.6128 1.4750 0.5009 0.7136 0.1680 0.4600
1305031119.7792 1.2070 0.6162 1.4822 0.5010 0.7120 0.1697 0.4618
1305031119.8145 1.2112 0.6215 1.4894 0.5019 0.7095 0.1748 0.4628
1305031119.8474 1.2164 0.6263 1.4942 0.5034 0.7068 0.1785 0.4638
1305031119.8792 1.2173 0.6264 1.4945 0.5019 0.7073 0.1807 0.4639
1305031119.9114 1.2186 0.6386 1.5007 0.5015 0.7061 0.1837 0.4649
1305031119.9474 1.2359 0.6616 1.5211 0.4901 0.7071 0.2020 0.4679
1305031119.9795 1.2231 0.6371 1.5130 0.4954 0.7090 0.1927 0.4634
1305031120.0153 1.2159 0.6412 1.5169 0.4913 0.7081 0.2026 0.4649
1305031120.0473 1.2279 0.6404 1.5209 0.4900 0.7069 0.2066 0.4664
1305031120.0794 1.2313 0.6416 1.5219 0.4918 0.7046 0.2059 0.4683
1305031120.1152 1.2315 0.6429 1.5255 0.4912 0.7032 0.2083 0.4699
1305031120.1482 1.2348 0.6431 1.5246 0.4919 0.7022 0.2088 0.4704
1305031120.1792 1.2349 0.6405 1.5199 0.4955 0.7012 0.2088 0.4682
1305031120.2152 1.2291 0.6383 1.5138 0.4953 0.7019 0.2082 0.4677
1305031120.2480 1.2275 0.6429 1.5111 0.4963 0.7030 0.2033 0.4670
1305031120.2794 1.2151 0.6383 1.4947 0.4931 0.7036 0.2033 0.4696
1305031120.3152 1.2143 0.6391 1.4893 0.4918 0.7059 0.2031 0.4677
1305031120.3478 1.2018 0.6355 1.4715 0.4901 0.7048 0.2011 0.4717
1305031120.3794 1.2104 0.6282 1.4716 0.4924 0.7081 0.1979 0.4658
1305031120.4154 1.2078 0.6288 1.4564 0.4945 0.7083 0.1934 0.4651
1305031120.4474 1.2011 0.6169 1.4558 0.4957 0.7123 0.1898 0.4592
1305031120.4794 1.2051 0.6225 1.4694 0.4948 0.7075 0.1935 0.4660
1305031120.5148 1.2032 0.6188 1.4605 0.4990 0.7074 0.1886 0.4638
1305031120.5477 1.1986 0.6109 1.4538 0.5029 0.7072 0.1848 0.4614
1305031120.5796 1.1946 0.6049 1.4464 0.5072 0.7044 0.1823 0.4618
1305031120.6152 1.1934 0.6024 1.4355 0.5094 0.7022 0.1811 0.4634
1305031120.6474 1.1912 0.5972 1.4285 0.5126 0.7023 0.1753 0.4618
1305031120.6793 1.1883 0.5924 1.4229 0.5136 0.7030 0.1736 0.4603
1305031120.7145 1.1887 0.5924 1.4104 0.5155 0.7014 0.1727 0.4610
1305031120.7474 1.1829 0.5830 1.4071 0.5153 0.7025 0.1715 0.4600
1305031120.7799 1.1821 0.5769 1.3973 0.5161 0.7028 0.1688 0.4596
1305031120.8149 1.1847 0.5828 1.3894 0.5185 0.7019 0.1656 0.4594
1305031120.8479 1.1782 0.5709 1.3835 0.5143 0.7049 0.1677 0.4589
1305031120.8834 1.1725 0.5672 1.3709 0.5144 0.7051 0.1647 0.4595
1305031120.9154 1.1726 0.5691 1.3628 0.5143 0.7056 0.1640 0.4590
1305031120.9475 1.1635 0.5567 1.3563 0.5107 0.7087 0.1660 0.4576
1305031120.9834 1.1675 0.5557 1.3496 0.5108 0.7098 0.1620 0.4572
1305031121.0150 1.1646 0.5538 1.3404 0.5106 0.7101 0.1610 0.4574
1305031121.0475 1.1565 0.5447 1.3347 0.5088 0.7113 0.1628 0.4569
1305031121.0831 1.1544 0.5402 1.3249 0.5092 0.7111 0.1604 0.4576
1305031121.1147 1.1506 0.5371 1.3194 0.5101 0.7111 0.1591 0.4570
1305031121.1473 1.1479 0.5323 1.3133 0.5101 0.7122 0.1569 0.4559
1305031121.1833 1.1477 0.5307 1.3082 0.5102 0.7133 0.1539 0.4552
1305031121.2114 1.1441 0.5291 1.2969 0.5108 0.7135 0.1537 0.4544
1305031121.2472 1.1384 0.5208 1.2947 0.5097 0.7158 0.1540 0.4518
1305031121.2829 1.1334 0.5148 1.2871 0.5102 0.7154 0.1534 0.4520
1305031121.3136 1.1285 0.5064 1.2756 0.5089 0.7167 0.1562 0.4505
1305031121.3475 1.1268 0.5034 1.2748 0.5120 0.7166 0.1513 0.4489
1305031121.3832 1.1238 0.4966 1.2634 0.5123 0.7163 0.1506 0.4491
1305031121.4143 1.1196 0.4918 1.2579 0.5114 0.7192 0.1497 0.4459
1305031121.4473 1.1160 0.4890 1.2528 0.5126 0.7193 0.1483 0.4447
1305031121.4830 1.1115 0.4839 1.2392 0.5136 0.7194 0.1497 0.4431
1305031121.5141 1.1086 0.4792 1.2377 0.5144 0.7216 0.1495 0.4386
1305031121.5473 1.1035 0.4748 1.2344 0.5134 0.7219 0.1510 0.4387
1305031121.5832 1.1057 0.4721 1.2240 0.5126 0.7225 0.1512 0.4386
1305031121.6147 1.1017 0.4666 1.2169 0.5105 0.7251 0.1529 0.4362
1305031121.6472 1.0999 0.4674 1.2121 0.5084 0.7282 0.1523 0.4336
1305031121.6832 1.0945 0.4582 1.2091 0.5049 0.7309 0.1572 0.4315
1305031121.7145 1.0886 0.4526 1.2000 0.5042 0.7303 0.1619 0.4316
1305031121.7471 1.0885 0.4487 1.1981 0.5031 0.7312 0.1622 0.4311
1305031121.7828 1.0884 0.4450 1.1924 0.5039 0.7302 0.1644 0.4311
1305031121.8115 1.0867 0.4453 1.1851 0.5038 0.7295 0.1684 0.4309
1305031121.8473 1.0866 0.4412 1.1841 0.5045 0.7291 0.1717 0.4294
1305031121.8821 1.0841 0.4397 1.1838 0.5062 0.7264 0.1785 0.4293
1305031121.9149 1.0839 0.4387 1.1811 0.5058 0.7243 0.1836 0.4311
1305031121.9473 1.0889 0.4408 1.1794 0.5060 0.7239 0.1813 0.4325
1305031121.9829 1.0885 0.4417 1.1826 0.5060 0.7245 0.1804 0.4320
1305031122.0143 1.0902 0.4441 1.1848 0.5031 0.7254 0.1833 0.4325
1305031122.0473 1.0865 0.4472 1.1872 0.5013 0.7258 0.1818 0.4347
1305031122.0830 1.0880 0.4511 1.1924 0.4990 0.7273 0.1796 0.4356
1305031122.1147 1.0855 0.4564 1.1964 0.4961 0.7283 0.1808 0.4368
1305031122.1507 1.0897 0.4631 1.2055 0.4927 0.7305 0.1781 0.4381
1305031122.1830 1.0871 0.4698 1.2097 0.4901 0.7317 0.1762 0.4397
1305031122.2150 1.0875 0.4757 1.2267 0.4834 0.7353 0.1793 0.4398
1305031122.2513 1.0919 0.4761 1.2302 0.4779 0.7360 0.1831 0.4431
1305031122.2836 1.0899 0.4859 1.2409 0.4767 0.7351 0.1836 0.4457
1305031122.3143 1.0922 0.4922 1.2536 0.4708 0.7348 0.1872 0.4511
1305031122.3513 1.0948 0.4965 1.2594 0.4662 0.7328 0.1918 0.4570
1305031122.3826 1.0990 0.5025 1.2703 0.4645 0.7308 0.1935 0.4612
1305031122.4150 1.1030 0.5043 1.2775 0.4621 0.7285 0.1965 0.4660
1305031122.4513 1.1000 0.5093 1.2862 0.4633 0.7242 0.1975 0.4711
1305031122.4834 1.1042 0.5142 1.2960 0.4623 0.7217 0.1978 0.4758
1305031122.5151 1.1075 0.5190 1.3040 0.4604 0.7202 0.1982 0.4796
1305031122.5515 1.1063 0.5215 1.3110 0.4586 0.7195 0.1998 0.4817
1305031122.5832 1.1169 0.5279 1.3234 0.4577 0.7215 0.1986 0.4802
1305031122.6150 1.1157 0.5281 1.3266 0.4563 0.7198 0.2038 0.4818
1305031122.6488 1.1179 0.5342 1.3401 0.4586 0.7192 0.2015 0.4815
1305031122.6834 1.1185 0.5391 1.3480 0.4594 0.7174 0.2030 0.4828
1305031122.7152 1.1204 0.5417 1.3575 0.4602 0.7154 0.2055 0.4840
1305031122.7513 1.1226 0.5464 1.3700 0.4608 0.7148 0.2038 0.4850
1305031122.7834 1.1253 0.5517 1.3840 0.4593 0.7149 0.2048 0.4858
1305031122.8126 1.1314 0.5572 1.3895 0.4553 0.7149 0.2097 0.4876
1305031122.8514 1.1326 0.5611 1.3944 0.4518 0.7164 0.2135 0.4870
1305031122.8838 1.1341 0.5717 1.4004 0.4514 0.7159 0.2184 0.4859
1305031122.9146 1.1353 0.5718 1.4054 0.4480 0.7162 0.2261 0.4850
1305031122.9513 1.1386 0.5756 1.4127 0.4488 0.7154 0.2263 0.4854
1305031122.9828 1.1371 0.5759 1.4219 0.4500 0.7135 0.2305 0.4850
1305031123.0155 1.1436 0.5808 1.4258 0.4500 0.7112 0.2341 0.4867
1305031123.0518 1.1427 0.5814 1.4298 0.4507 0.7109 0.2356 0.4859
1305031123.0830 1.1465 0.5931 1.4396 0.4543 0.7088 0.2352 0.4857
1305031123.1139 1.1516 0.5992 1.4479 0.4531 0.7079 0.2403 0.4856
1305031123.1508 1.1565 0.6327 1.4746 0.4409 0.7076 0.2562 0.4891
1305031123.1822 1.1550 0.6073 1.4616 0.4509 0.7064 0.2466 0.4868
1305031123.2147 1.1596 0.6119 1.4700 0.4459 0.7081 0.2536 0.4852
1305031123.2506 1.1613 0.6227 1.4764 0.4431 0.7069 0.2587 0.4869
1305031123.2823 1.1646 0.6242 1.4802 0.4396 0.7040 0.2685 0.4889
1305031123.3113 1.1682 0.6340 1.4869 0.4359 0.7045 0.2752 0.4878
1305031123.3505 1.1718 0.6332 1.4904 0.4324 0.7036 0.2822 0.4882
1305031123.3823 1.1612 0.6414 1.4815 0.4286 0.6983 0.2925 0.4930
1305031123.4114 1.1649 0.6487 1.4854 0.4263 0.6987 0.2981 0.4911
1305031123.4513 1.1659 0.6608 1.4886 0.4271 0.6956 0.3000 0.4937
1305031123.4836 1.1679 0.6552 1.4984 0.4261 0.6953 0.3086 0.4897
1305031123.5114 1.1699 0.6625 1.5011 0.4247 0.6935 0.3136 0.4902
1305031123.5515 1.1700 0.6667 1.5089 0.4244 0.6918 0.3175 0.4904
1305031123.5796 1.1757 0.6716 1.5145 0.4265 0.6900 0.3193 0.4900
1305031123.6113 1.1726 0.6781 1.5206 0.4245 0.6896 0.3232 0.4896
1305031123.6524 1.1743 0.6817 1.5238 0.4205 0.6885 0.3281 0.4913
1305031123.6838 1.1763 0.6828 1.5264 0.4186 0.6879 0.3339 0.4901
1305031123.7113 1.1740 0.6920 1.5293 0.4152 0.6864 0.3397 0.4910
1305031123.7517 1.1805 0.6874 1.5312 0.4139 0.6857 0.3458 0.4889
1305031123.7839 1.1835 0.6929 1.5343 0.4160 0.6845 0.3450 0.4894
1305031123.8116 1.1846 0.6963 1.5372 0.4159 0.6837 0.3467 0.4893
1305031123.8514 1.1844 0.6985 1.5372 0.4160 0.6823 0.3500 0.4888
1305031123.8838 1.1871 0.6959 1.5362 0.4182 0.6821 0.3468 0.4894
1305031123.9112 1.1812 0.6970 1.5317 0.4155 0.6823 0.3475 0.4911
1305031123.9514 1.1788 0.6912 1.5297 0.4180 0.6809 0.3487 0.4900
1305031123.9834 1.1849 0.6912 1.5311 0.4212 0.6809 0.3454 0.4896
1305031124.0113 1.1831 0.6838 1.5273 0.4220 0.6822 0.3427 0.4890
1305031124.0515 1.1800 0.6815 1.5226 0.4251 0.6816 0.3396 0.4893
1305031124.0838 1.1829 0.6762 1.5187 0.4278 0.6812 0.3377 0.4888
1305031124.1113 1.1817 0.6707 1.5121 0.4289 0.6834 0.3337 0.4875
1305031124.1474 1.1717 0.6644 1.4971 0.4273 0.6834 0.3319 0.4901
1305031124.1827 1.1773 0.6638 1.4963 0.4294 0.6855 0.3273 0.4884
1305031124.2114 1.1756 0.6616 1.4866 0.4307 0.6882 0.3209 0.4878
1305031124.2493 1.1617 0.6520 1.4721 0.4275 0.6874 0.3241 0.4895
1305031124.2825 1.1689 0.6505 1.4795 0.4349 0.6884 0.3166 0.4865
1305031124.3114 1.1677 0.6441 1.4705 0.4367 0.6887 0.3133 0.4867
1305031124.3504 1.1604 0.6391 1.4576 0.4357 0.6882 0.3115 0.4894
1305031124.3824 1.1605 0.6344 1.4517 0.4392 0.6896 0.3054 0.4881
1305031124.4114 1.1570 0.6304 1.4417 0.4406 0.6912 0.3024 0.4865
1305031124.4502 1.1497 0.6186 1.4291 0.4393 0.6939 0.2995 0.4857
1305031124.4801 1.1590 0.6320 1.4574 0.4384 0.6866 0.3075 0.4918
1305031124.5113 1.1566 0.6328 1.4498 0.4408 0.6881 0.3010 0.4916
1305031124.5504 1.1526 0.6218 1.4405 0.4400 0.6911 0.2976 0.4901
1305031124.5794 1.1529 0.6199 1.4326 0.4407 0.6928 0.2925 0.4901
1305031124.6114 1.1485 0.6144 1.4204 0.4400 0.6945 0.2904 0.4896
1305031124.6513 1.1488 0.6116 1.4137 0.4415 0.6960 0.2843 0.4898
1305031124.6794 1.1468 0.6045 1.4008 0.4432 0.6967 0.2793 0.4901
1305031124.7113 1.1455 0.6079 1.3901 0.4445 0.6977 0.2754 0.4897
1305031124.7499 1.1443 0.5950 1.3788 0.4426 0.7004 0.2738 0.4885
1305031124.7794 1.1424 0.5896 1.3706 0.4425 0.7028 0.2709 0.4867
1305031124.8114 1.1438 0.5890 1.3607 0.4424 0.7032 0.2710 0.4863
1305031124.8505 1.1433 0.5792 1.3470 0.4425 0.7032 0.2692 0.4870
1305031124.8794 1.1458 0.5762 1.3382 0.4421 0.7061 0.2662 0.4849
1305031124.9114 1.1491 0.5753 1.3298 0.4410 0.7084 0.2678 0.4817
1305031124.9507 1.1503 0.5663 1.3165 0.4385 0.7086 0.2714 0.4816
1305031124.9794 1.1503 0.5638 1.3075 0.4404 0.7095 0.2699 0.4794
1305031125.0115 1.1494 0.5589 1.3010 0.4417 0.7107 0.2680 0.4775
1305031125.0508 1.1483 0.5584 1.2968 0.4446 0.7104 0.2640 0.4774
1305031125.0794 1.1444 0.5463 1.2847 0.4451 0.7105 0.2652 0.4762
1305031125.1114 1.1461 0.5374 1.2746 0.4445 0.7113 0.2661 0.4750
1305031125.1510 1.1452 0.5351 1.2672 0.4448 0.7136 0.2613 0.4739
1305031125.1794 1.1398 0.5300 1.2647 0.4440 0.7149 0.2637 0.4714
1305031125.2113 1.1390 0.5251 1.2521 0.4409 0.7145 0.2694 0.4716
1305031125.2506 1.1420 0.5166 1.2419 0.4401 0.7166 0.2664 0.4710
1305031125.2795 1.1384 0.5145 1.2385 0.4409 0.7180 0.2636 0.4696
1305031125.3115 1.1402 0.5091 1.2286 0.4390 0.7191 0.2668 0.4680
1305031125.3489 1.1390 0.5057 1.2225 0.4387 0.7221 0.2627 0.4659
1305031125.3794 1.1379 0.5020 1.2196 0.4335 0.7261 0.2621 0.4650
1305031125.4113 1.1403 0.4995 1.2115 0.4301 0.7293 0.2668 0.4604
1305031125.4512 1.1372 0.4926 1.2061 0.4251 0.7319 0.2718 0.4579
1305031125.4794 1.1406 0.4908 1.2005 0.4233 0.7348 0.2716 0.4552
1305031125.5113 1.1383 0.4911 1.2005 0.4210 0.7367 0.2747 0.4524
1305031125.5510 1.1398 0.4883 1.1984 0.4176 0.7396 0.2756 0.4502
1305031125.5793 1.1388 0.4909 1.1942 0.4152 0.7406 0.2772 0.4497
1305031125.6115 1.1391 0.4910 1.1904 0.4130 0.7420 0.2807 0.4473
1305031125.6506 1.1320 0.4863 1.1873 0.4180 0.7410 0.2795 0.4450
1305031125.6793 1.1318 0.4828 1.2020 0.4211 0.7424 0.2742 0.4431
1305031125.7114 1.1310 0.4821 1.2007 0.4225 0.7395 0.2742 0.4466
1305031125.7513 1.1275 0.4900 1.2115 0.4265 0.7394 0.2695 0.4459
1305031125.7793 1.1225 0.4941 1.2132 0.4251 0.7387 0.2691 0.4486
1305031125.8116 1.1211 0.5002 1.2219 0.4230 0.7395 0.2708 0.4483
1305031125.8474 1.1213 0.5040 1.2262 0.4209 0.7397 0.2725 0.4488
1305031125.8793 1.1165 0.5031 1.2342 0.4198 0.7391 0.2738 0.4500
1305031125.9113 1.1175 0.5058 1.2456 0.4189 0.7369 0.2774 0.4523
1305031125.9473 1.1214 0.5067 1.2513 0.4210 0.7319 0.2783 0.4579
1305031125.9793 1.1194 0.5139 1.2607 0.4249 0.7259 0.2781 0.4639
1305031126.0113 1.1224 0.5216 1.2697 0.4233 0.7229 0.2802 0.4687
1305031126.0473 1.1205 0.5280 1.2802 0.4224 0.7212 0.2823 0.4709
1305031126.0794 1.1231 0.5373 1.2892 0.4208 0.7198 0.2854 0.4726
1305031126.1114 1.1300 0.5427 1.2952 0.4163 0.7193 0.2912 0.4738
1305031126.1474 1.1262 0.5454 1.3071 0.4172 0.7172 0.2952 0.4738
1305031126.1794 1.1317 0.5557 1.3187 0.4160 0.7143 0.2985 0.4770
1305031126.2113 1.1391 0.5631 1.3239 0.4122 0.7120 0.3062 0.4789
1305031126.2473 1.1389 0.5674 1.3334 0.4117 0.7108 0.3071 0.4805
1305031126.2794 1.1406 0.5742 1.3448 0.4073 0.7109 0.3118 0.4811
1305031126.3113 1.1423 0.5811 1.3541 0.4028 0.7108 0.3179 0.4811
1305031126.3474 1.1430 0.5812 1.3605 0.3967 0.7116 0.3243 0.4807
1305031126.3794 1.1428 0.5884 1.3696 0.3928 0.7115 0.3286 0.4812
1305031126.4115 1.1445 0.5927 1.3781 0.3873 0.7108 0.3352 0.4821
1305031126.4474 1.1462 0.5948 1.3853 0.3853 0.7093 0.3391 0.4831
1305031126.4795 1.1441 0.5964 1.3941 0.3845 0.7074 0.3443 0.4829
1305031126.5114 1.1429 0.5985 1.4048 0.3842 0.7048 0.3472 0.4849
1305031126.5474 1.1448 0.6096 1.4120 0.3823 0.7012 0.3522 0.4879
1305031126.5795 1.1474 0.6130 1.4213 0.3810 0.7006 0.3568 0.4866
1305031126.6115 1.1497 0.6201 1.4292 0.3784 0.6990 0.3628 0.4864
1305031126.6474 1.1510 0.6218 1.4316 0.3772 0.6963 0.3687 0.4868
1305031126.6795 1.1510 0.6223 1.4354 0.3777 0.6954 0.3730 0.4845
1305031126.7116 1.1496 0.6308 1.4366 0.3772 0.6915 0.3782 0.4863
1305031126.7473 1.1515 0.6310 1.4372 0.3770 0.6905 0.3827 0.4843
1305031126.7794 1.1454 0.6322 1.4428 0.3792 0.6897 0.3844 0.4825
1305031126.8116 1.1440 0.6381 1.4455 0.3777 0.6898 0.3871 0.4814
1305031126.8473 1.1401 0.6388 1.4448 0.3755 0.6895 0.3913 0.4801
1305031126.8794 1.1397 0.6413 1.4464 0.3750 0.6899 0.3918 0.4795
1305031126.9114 1.1384 0.6468 1.4491 0.3732 0.6902 0.3939 0.4787
1305031126.9474 1.1379 0.6468 1.4494 0.3737 0.6896 0.3950 0.4783
1305031126.9793 1.1381 0.6467 1.4490 0.3744 0.6892 0.3953 0.4781
1305031127.0114 1.1354 0.6484 1.4496 0.3743 0.6893 0.3958 0.4776
1305031127.0473 1.1357 0.6473 1.4487 0.3754 0.6891 0.3955 0.4773
1305031127.0793 1.1368 0.6467 1.4490 0.3754 0.6888 0.3953 0.4779
1305031127.1114 1.1382 0.6477 1.4492 0.3751 0.6883 0.3964 0.4779
1305031127.1473 1.1367 0.6442 1.4449 0.3770 0.6864 0.3945 0.4808
1305031127.1793 1.1363 0.6441 1.4458 0.3774 0.6867 0.3931 0.4810
1305031127.2117 1.1370 0.6461 1.4452 0.3769 0.6869 0.3934 0.4811
1305031127.2474 1.1390 0.6446 1.4406 0.3775 0.6873 0.3914 0.4816
1305031127.2795 1.1364 0.6417 1.4379 0.3771 0.6886 0.3899 0.4812
1305031127.3114 1.1408 0.6451 1.4368 0.3751 0.6887 0.3915 0.4813
1305031127.3474 1.1395 0.6395 1.4288 0.3758 0.6881 0.3896 0.4832
1305031127.3793 1.1376 0.6375 1.4272 0.3776 0.6887 0.3869 0.4831
1305031127.4114 1.1385 0.6378 1.4259 0.3772 0.6891 0.3867 0.4830
1305031127.4473 1.1426 0.6346 1.4211 0.3768 0.6892 0.3858 0.4839
1305031127.4794 1.1407 0.6354 1.4236 0.3765 0.6893 0.3854 0.4844
1305031127.5114 1.1407 0.6354 1.4236 0.3765 0.6893 0.3854 0.4844
1305031127.5473 1.1453 0.6354 1.4212 0.3750 0.6893 0.3853 0.4856
1305031127.5793 1.1453 0.6366 1.4208 0.3744 0.6901 0.3852 0.4850
1305031127.6113 1.1453 0.6366 1.4208 0.3744 0.6901 0.3852 0.4850
1305031127.6474 1.1453 0.6366 1.4208 0.3744 0.6901 0.3852 0.4850
1305031127.6793 1.1482 0.6367 1.4188 0.3753 0.6892 0.3865 0.4845
1305031127.7114 1.1482 0.6367 1.4188 0.3753 0.6892 0.3865 0.4845
1305031127.7473 1.1482 0.6367 1.4188 0.3753 0.6892 0.3865 0.4845
1305031127.7793 1.1520 0.6384 1.4172 0.3732 0.6886 0.3885 0.4854
1305031127.8118 1.1506 0.6391 1.4172 0.3728 0.6892 0.3881 0.4852
1305031127.8474 1.1512 0.6387 1.4162 0.3728 0.6892 0.3879 0.4853
1305031127.8794 1.1517 0.6389 1.4170 0.3716 0.6895 0.3879 0.4858
1305031127.9115 1.1517 0.6389 1.4170 0.3716 0.6895 0.3879 0.4858
1305031127.9474 1.1517 0.6389 1.4170 0.3716 0.6895 0.3879 0.4858
1305031127.9794 1.1532 0.6397 1.4201 0.3707 0.6888 0.3888 0.4867
1305031128.0114 1.1542 0.6433 1.4215 0.3694 0.6888 0.3904 0.4866
1305031128.0474 1.1597 0.6432 1.4183 0.3693 0.6881 0.3919 0.4863
1305031128.0793 1.1611 0.6416 1.4151 0.3696 0.6877 0.3930 0.4858
1305031128.1114 1.1605 0.6447 1.4150 0.3692 0.6880 0.3943 0.4847
1305031128.1474 1.1622 0.6431 1.4156 0.3701 0.6871 0.3947 0.4849
1305031128.1793 1.1639 0.6423 1.4116 0.3711 0.6874 0.3943 0.4840
1305031128.2114 1.1611 0.6430 1.4121 0.3719 0.6878 0.3943 0.4828
1305031128.2475 1.1617 0.6438 1.4123 0.3716 0.6876 0.3947 0.4831
1305031128.2793 1.1646 0.6421 1.4110 0.3715 0.6872 0.3946 0.4838
1305031128.3115 1.1646 0.6421 1.4110 0.3715 0.6872 0.3946 0.4838
1305031128.3474 1.1635 0.6437 1.4118 0.3705 0.6877 0.3946 0.4839
1305031128.3794 1.1643 0.6437 1.4112 0.3695 0.6880 0.3940 0.4847
1305031128.4113 1.1636 0.6445 1.4115 0.3692 0.6881 0.3942 0.4846
1305031128.4473 1.1631 0.6456 1.4108 0.3681 0.6888 0.3938 0.4848
1305031128.4793 1.1647 0.6446 1.4094 0.3667 0.6892 0.3925 0.4863
1305031128.5114 1.1647 0.6446 1.4094 0.3667 0.6892 0.3925 0.4863
1305031128.5474 1.1647 0.6484 1.4108 0.3650 0.6894 0.3939 0.4862
1305031128.5795 1.1649 0.6490 1.4087 0.3643 0.6899 0.3945 0.4855
1305031128.6114 1.1634 0.6492 1.4091 0.3645 0.6900 0.3948 0.4850
1305031128.6474 1.1632 0.6476 1.4092 0.3648 0.6897 0.3943 0.4855
1305031128.6793 1.1632 0.6476 1.4095 0.3647 0.6896 0.3941 0.4860
1305031128.7115 1.1629 0.6502 1.4086 0.3638 0.6902 0.3945 0.4854
1305031128.7474 1.1630 0.6467 1.4044 0.3652 0.6909 0.3926 0.4849
