1305031102.1753 1.3405 0.6266 1.6575 0.6574 0.6126 -0.2949 0.3248
1305031102.2112 1.3469 0.6175 1.6512 0.6545 0.6145 -0.2929 0.3291
1305031102.2432 1.3457 0.6059 1.6444 0.6518 0.6149 -0.2916 0.3347
1305031102.2753 1.3468 0.5956 1.6387 0.6496 0.6154 -0.2899 0.3394
1305031102.3113 1.3433 0.5837 1.6282 0.6475 0.6166 -0.2857 0.3449
1305031102.3432 1.3426 0.5759 1.6207 0.6471 0.6151 -0.2849 0.3489
1305031102.3753 1.3440 0.5651 1.6152 0.6460 0.6153 -0.2846 0.3508
1305031102.4113 1.3464 0.5568 1.6122 0.6439 0.6169 -0.2831 0.3532
1305031102.4433 1.3510 0.5451 1.6088 0.6416 0.6176 -0.2818 0.3570
1305031102.4753 1.3527 0.5325 1.5994 0.6384 0.6191 -0.2788 0.3626
1305031102.5112 1.3553 0.5227 1.5889 0.6357 0.6223 -0.2739 0.3656
1305031102.5432 1.3501 0.5127 1.5795 0.6331 0.6248 -0.2696 0.3689
1305031102.5753 1.3461 0.5016 1.5656 0.6315 0.6262 -0.2677 0.3707
1305031102.6112 1.3433 0.4926 1.5563 0.6333 0.6266 -0.2643 0.3693
1305031102.6433 1.3487 0.4843 1.5537 0.6355 0.6253 -0.2656 0.3669
1305031102.6753 1.3481 0.4722 1.5481 0.6347 0.6255 -0.2636 0.3693
1305031102.7113 1.3468 0.4603 1.5398 0.6342 0.6266 -0.2608 0.3702
1305031102.7432 1.3523 0.4520 1.5357 0.6355 0.6255 -0.2592 0.3711
1305031102.7755 1.3540 0.4420 1.5254 0.6341 0.6277 -0.2564 0.3718
1305031102.8112 1.3562 0.4349 1.5150 0.6336 0.6296 -0.2515 0.3727
1305031102.8433 1.3555 0.4235 1.5074 0.6326 0.6326 -0.2476 0.3718
1305031102.8754 1.3590 0.4118 1.5024 0.6324 0.6351 -0.2471 0.3683
1305031102.9112 1.3606 0.4032 1.4951 0.6313 0.6372 -0.2446 0.3682
1305031102.9432 1.3604 0.3914 1.4929 0.6304 0.6389 -0.2434 0.3676
1305031102.9752 1.3632 0.3790 1.4930 0.6292 0.6377 -0.2457 0.3702
1305031103.0112 1.3695 0.3660 1.4895 0.6283 0.6373 -0.2443 0.3733
1305031103.0432 1.3726 0.3610 1.4831 0.6275 0.6337 -0.2468 0.3791
1305031103.0753 1.3712 0.3541 1.4737 0.6289 0.6293 -0.2486 0.3830
1305031103.1112 1.3765 0.3480 1.4692 0.6294 0.6300 -0.2466 0.3824
1305031103.1433 1.3809 0.3408 1.4625 0.6295 0.6302 -0.2432 0.3840
1305031103.1755 1.3852 0.3358 1.4601 0.6305 0.6288 -0.2444 0.3837
1305031103.2112 1.3903 0.3262 1.4555 0.6300 0.6294 -0.2388 0.3871
1305031103.2432 1.3984 0.3247 1.4506 0.6303 0.6280 -0.2335 0.3923
1305031103.2754 1.4075 0.3078 1.4536 0.6296 0.6289 -0.2294 0.3943
1305031103.3112 1.4105 0.2998 1.4565 0.6258 0.6298 -0.2296 0.3988
1305031103.3432 1.4053 0.3041 1.4494 0.6228 0.6281 -0.2298 0.4060
1305031103.3753 1.4032 0.3028 1.4482 0.6225 0.6285 -0.2264 0.4077
1305031103.4113 1.4032 0.3028 1.4482 0.6225 0.6285 -0.2264 0.4077
1305031103.4433 1.4024 0.3050 1.4498 0.6228 0.6281 -0.2259 0.4081
1305031103.4753 1.3993 0.3070 1.4527 0.6200 0.6294 -0.2273 0.4097
1305031103.5113 1.3985 0.3120 1.4530 0.6188 0.6306 -0.2284 0.4089
1305031103.5434 1.3904 0.3188 1.4564 0.6189 0.6294 -0.2338 0.4076
1305031103.5755 1.3896 0.3268 1.4659 0.6204 0.6285 -0.2375 0.4046
1305031103.6112 1.3889 0.3334 1.4697 0.6213 0.6267 -0.2382 0.4056
1305031103.6434 1.3756 0.3426 1.4785 0.6202 0.6250 -0.2412 0.4081
1305031103.6755 1.3738 0.3514 1.4837 0.6213 0.6234 -0.2455 0.4063
1305031103.7116 1.3735 0.3611 1.4860 0.6217 0.6234 -0.2455 0.4056
1305031103.7433 1.3648 0.3695 1.4951 0.6217 0.6236 -0.2479 0.4039
1305031103.7753 1.3585 0.3847 1.5000 0.6205 0.6242 -0.2506 0.4033
1305031103.8112 1.3603 0.3988 1.5024 0.6188 0.6265 -0.2495 0.4029
1305031103.8433 1.3576 0.4093 1.5146 0.6167 0.6278 -0.2505 0.4035
1305031103.8754 1.3441 0.4133 1.5247 0.6102 0.6326 -0.2457 0.4088
1305031103.9112 1.3422 0.4230 1.5252 0.6080 0.6325 -0.2474 0.4111
1305031103.9432 1.3347 0.4365 1.5385 0.6079 0.6315 -0.2510 0.4107
1305031103.9754 1.3279 0.4484 1.5429 0.6069 0.6303 -0.2551 0.4114
1305031104.0112 1.3223 0.4565 1.5380 0.6078 0.6280 -0.2587 0.4114
1305031104.0432 1.3216 0.4724 1.5488 0.6098 0.6299 -0.2622 0.4032
1305031104.0754 1.3173 0.4900 1.5501 0.6109 0.6302 -0.2630 0.4006
1305031104.1112 1.3103 0.4989 1.5523 0.6126 0.6332 -0.2595 0.3955
1305031104.1432 1.3024 0.5114 1.5593 0.6144 0.6348 -0.2591 0.3904
1305031104.1754 1.3054 0.5225 1.5693 0.6171 0.6351 -0.2621 0.3835
1305031104.2113 1.3018 0.5331 1.5731 0.6191 0.6352 -0.2622 0.3800
1305031104.2432 1.2918 0.5433 1.5801 0.6208 0.6353 -0.2618 0.3775
1305031104.2755 1.2945 0.5556 1.5841 0.6233 0.6341 -0.2653 0.3728
1305031104.3112 1.2952 0.5662 1.5866 0.6258 0.6341 -0.2652 0.3688
1305031104.3433 1.2918 0.5783 1.5938 0.6274 0.6354 -0.2648 0.3640
1305031104.3758 1.2871 0.5887 1.6069 0.6291 0.6381 -0.2616 0.3587
1305031104.4115 1.2821 0.5971 1.6104 0.6306 0.6390 -0.2574 0.3574
1305031104.4433 1.2836 0.6029 1.6204 0.6322 0.6391 -0.2570 0.3546
1305031104.4755 1.2783 0.6056 1.6313 0.6320 0.6394 -0.2559 0.3554
1305031104.5113 1.2777 0.6088 1.6356 0.6323 0.6383 -0.2560 0.3567
1305031104.5434 1.2749 0.6150 1.6385 0.6331 0.6364 -0.2591 0.3564
1305031104.5753 1.2729 0.6228 1.6397 0.6353 0.6346 -0.2624 0.3533
1305031104.6113 1.2640 0.6305 1.6375 0.6396 0.6339 -0.2631 0.3461
1305031104.6432 1.2650 0.6460 1.6401 0.6457 0.6325 -0.2657 0.3352
1305031104.6755 1.2595 0.6555 1.6376 0.6518 0.6305 -0.2681 0.3252
1305031104.7113 1.2551 0.6648 1.6402 0.6595 0.6281 -0.2692 0.3132
1305031104.7433 1.2554 0.6763 1.6455 0.6663 0.6259 -0.2721 0.3004
1305031104.7753 1.2524 0.6881 1.6480 0.6728 0.6230 -0.2737 0.2904
1305031104.8115 1.2549 0.6970 1.6484 0.6793 0.6202 -0.2742 0.2804
1305031104.8433 1.2582 0.7033 1.6504 0.6851 0.6182 -0.2734 0.2715
1305031104.8754 1.2606 0.7081 1.6573 0.6892 0.6151 -0.2757 0.2657
1305031104.9115 1.2664 0.7100 1.6564 0.6919 0.6133 -0.2746 0.2640
1305031104.9433 1.2661 0.7108 1.6563 0.6926 0.6134 -0.2730 0.2635
1305031104.9752 1.2707 0.7087 1.6582 0.6928 0.6127 -0.2735 0.2640
1305031105.0113 1.2737 0.7062 1.6541 0.6916 0.6149 -0.2677 0.2682
1305031105.0434 1.2771 0.7008 1.6535 0.6891 0.6172 -0.2648 0.2722
1305031105.0753 1.2754 0.6891 1.6491 0.6859 0.6199 -0.2622 0.2766
1305031105.1113 1.2748 0.6824 1.6430 0.6833 0.6221 -0.2580 0.2821
1305031105.1431 1.2829 0.6705 1.6419 0.6799 0.6247 -0.2565 0.2857
1305031105.1752 1.2886 0.6603 1.6329 0.6728 0.6299 -0.2507 0.2961
1305031105.2113 1.2786 0.6415 1.6201 0.6656 0.6353 -0.2408 0.3090
1305031105.2433 1.2841 0.6316 1.6154 0.6611 0.6363 -0.2400 0.3170
1305031105.2753 1.2881 0.6107 1.6084 0.6557 0.6371 -0.2397 0.3266
1305031105.3113 1.2894 0.5942 1.5978 0.6496 0.6389 -0.2346 0.3387
1305031105.3433 1.2868 0.5822 1.5864 0.6446 0.6387 -0.2330 0.3497
1305031105.3753 1.2814 0.5741 1.5736 0.6416 0.6367 -0.2327 0.3589
1305031105.4113 1.2848 0.5655 1.5668 0.6377 0.6375 -0.2301 0.3661
1305031105.4433 1.2862 0.5480 1.5567 0.6338 0.6387 -0.2278 0.3721
1305031105.4753 1.2918 0.5396 1.5459 0.6320 0.6370 -0.2289 0.3774
1305031105.5113 1.2934 0.5275 1.5346 0.6295 0.6371 -0.2264 0.3829
1305031105.5433 1.2937 0.5169 1.5241 0.6277 0.6376 -0.2219 0.3876
1305031105.5754 1.2984 0.5042 1.5153 0.6268 0.6370 -0.2213 0.3903
1305031105.6114 1.3024 0.4892 1.5061 0.6252 0.6393 -0.2169 0.3917
1305031105.6433 1.3055 0.4782 1.4981 0.6271 0.6367 -0.2169 0.3929
1305031105.6752 1.3053 0.4664 1.4861 0.6263 0.6359 -0.2147 0.3966
1305031105.7113 1.3026 0.4551 1.4724 0.6258 0.6379 -0.2101 0.3967
1305031105.7433 1.3092 0.4477 1.4637 0.6279 0.6382 -0.2089 0.3934
1305031105.7753 1.3139 0.4358 1.4511 0.6282 0.6404 -0.2065 0.3907
1305031105.8113 1.3196 0.4238 1.4387 0.6299 0.6427 -0.1999 0.3875
1305031105.8433 1.3212 0.4157 1.4292 0.6317 0.6423 -0.1988 0.3858
1305031105.8753 1.3273 0.4099 1.4223 0.6351 0.6423 -0.1952 0.3821
1305031105.9113 1.3263 0.3989 1.4131 0.6373 0.6421 -0.1853 0.3838
1305031105.9433 1.3370 0.3925 1.4050 0.6379 0.6426 -0.1813 0.3837
1305031105.9753 1.3433 0.3820 1.3993 0.6380 0.6436 -0.1757 0.3846
1305031106.0113 1.3478 0.3751 1.3900 0.6369 0.6448 -0.1681 0.3878
1305031106.0434 1.3552 0.3650 1.3832 0.6362 0.6459 -0.1635 0.3889
1305031106.0753 1.3582 0.3546 1.3792 0.6359 0.6463 -0.1587 0.3909
1305031106.1113 1.3680 0.3466 1.3747 0.6344 0.6475 -0.1536 0.3932
1305031106.1434 1.3679 0.3317 1.3655 0.6309 0.6476 -0.1483 0.4007
1305031106.1755 1.3755 0.3262 1.3659 0.6311 0.6472 -0.1459 0.4020
1305031106.2113 1.3822 0.3188 1.3608 0.6296 0.6482 -0.1436 0.4036
1305031106.2433 1.4457 0.5387 1.4691 0.6396 0.6477 -0.1443 0.3880
1305031106.2764 1.3908 0.3061 1.3599 0.6312 0.6460 -0.1423 0.4050
1305031106.3112 1.4041 0.3038 1.3551 0.6326 0.6434 -0.1412 0.4074
1305031106.3433 1.4074 0.3002 1.3581 0.6298 0.6453 -0.1371 0.4100
1305031106.3754 1.4155 0.3003 1.3544 0.6229 0.6505 -0.1349 0.4131
1305031106.4113 1.4095 0.2996 1.3486 0.6167 0.6568 -0.1269 0.4149
1305031106.4433 1.4035 0.2999 1.3495 0.6137 0.6608 -0.1241 0.4138
1305031106.4753 1.4058 0.3012 1.3522 0.6127 0.6618 -0.1263 0.4130
1305031106.5111 1.4052 0.3042 1.3551 0.6121 0.6618 -0.1264 0.4140
1305031106.5433 1.3964 0.3137 1.3609 0.6109 0.6606 -0.1328 0.4156
1305031106.5753 1.3895 0.3180 1.3674 0.6117 0.6599 -0.1353 0.4147
1305031106.6112 1.3890 0.3250 1.3744 0.6104 0.6604 -0.1370 0.4155
1305031106.6432 1.3845 0.3321 1.3812 0.6097 0.6601 -0.1439 0.4146
1305031106.6753 1.3773 0.3438 1.3922 0.6066 0.6620 -0.1430 0.4164
1305031106.7115 1.3758 0.3524 1.4020 0.6052 0.6614 -0.1443 0.4190
1305031106.7433 1.3627 0.3611 1.4104 0.6031 0.6591 -0.1483 0.4242
1305031106.7754 1.3643 0.3735 1.4181 0.6034 0.6554 -0.1561 0.4265
1305031106.8113 1.3649 0.3887 1.4278 0.6024 0.6550 -0.1568 0.4284
1305031106.8434 1.3482 0.3944 1.4337 0.5989 0.6548 -0.1593 0.4327
1305031106.8759 1.3397 0.4050 1.4435 0.5988 0.6539 -0.1680 0.4308
1305031106.9112 1.3384 0.4233 1.4497 0.5969 0.6566 -0.1699 0.4287
1305031106.9434 1.3334 0.4329 1.4579 0.5965 0.6573 -0.1760 0.4256
1305031106.9755 1.3145 0.4419 1.4652 0.5953 0.6597 -0.1782 0.4226
1305031107.0116 1.3122 0.4617 1.4704 0.5956 0.6609 -0.1796 0.4196
1305031107.0433 1.3054 0.4711 1.4809 0.5953 0.6627 -0.1818 0.4164
1305031107.0754 1.2905 0.4781 1.4908 0.5954 0.6649 -0.1792 0.4139
1305031107.1112 1.2850 0.4904 1.5023 0.5963 0.6654 -0.1814 0.4108
1305031107.1433 1.2841 0.5063 1.5071 0.5977 0.6640 -0.1839 0.4099
1305031107.1754 1.2758 0.5122 1.5122 0.5976 0.6655 -0.1845 0.4074
1305031107.2114 1.2698 0.5235 1.5190 0.5991 0.6671 -0.1863 0.4017
1305031107.2434 1.2613 0.5365 1.5265 0.6015 0.6674 -0.1874 0.3971
1305031107.2754 1.2578 0.5477 1.5277 0.6044 0.6666 -0.1905 0.3926
1305031107.3112 1.2524 0.5575 1.5305 0.6067 0.6678 -0.1908 0.3869
1305031107.3435 1.2457 0.5716 1.5313 0.6114 0.6661 -0.1969 0.3791
1305031107.3754 1.2387 0.5802 1.5381 0.6158 0.6661 -0.1991 0.3707
1305031107.4113 1.2360 0.5883 1.5378 0.6176 0.6682 -0.1977 0.3647
1305031107.4434 1.2338 0.5976 1.5433 0.6211 0.6679 -0.1992 0.3584
1305031107.4754 1.2334 0.6038 1.5409 0.6238 0.6677 -0.1991 0.3541
1305031107.5114 1.2336 0.6102 1.5435 0.6251 0.6692 -0.1953 0.3511
1305031107.5436 1.2373 0.6102 1.5400 0.6262 0.6694 -0.1915 0.3508
1305031107.5755 1.2309 0.6109 1.5342 0.6279 0.6679 -0.1890 0.3520
1305031107.6113 1.2360 0.6125 1.5359 0.6295 0.6683 -0.1862 0.3500
1305031107.6433 1.2373 0.6134 1.5341 0.6293 0.6686 -0.1827 0.3516
1305031107.6756 1.2371 0.6079 1.5332 0.6294 0.6686 -0.1812 0.3521
1305031107.7113 1.2416 0.6079 1.5327 0.6292 0.6690 -0.1777 0.3536
1305031107.7435 1.2465 0.6037 1.5347 0.6289 0.6687 -0.1770 0.3550
1305031107.7758 1.2459 0.6001 1.5324 0.6262 0.6693 -0.1764 0.3589
1305031107.8116 1.2496 0.5995 1.5307 0.6248 0.6699 -0.1744 0.3612
1305031107.8433 1.2521 0.6028 1.5241 0.6236 0.6692 -0.1744 0.3646
1305031107.8754 1.2489 0.6019 1.5174 0.6206 0.6722 -0.1739 0.3643
1305031107.9115 1.2501 0.6038 1.5116 0.6198 0.6751 -0.1717 0.3614
1305031107.9431 1.2488 0.6048 1.5058 0.6202 0.6764 -0.1708 0.3586
1305031107.9758 1.2513 0.6088 1.4990 0.6224 0.6770 -0.1704 0.3540
1305031108.0113 1.2526 0.6149 1.4908 0.6232 0.6796 -0.1684 0.3483
1305031108.0434 1.2539 0.6222 1.4807 0.6263 0.6803 -0.1651 0.3430
1305031108.0754 1.2538 0.6245 1.4702 0.6315 0.6803 -0.1575 0.3370
1305031108.1114 1.2542 0.6262 1.4652 0.6330 0.6835 -0.1521 0.3303
1305031108.1433 1.2579 0.6341 1.4558 0.6356 0.6830 -0.1516 0.3263