1305031102.1753 1.3405 0.6266 1.6575 0.6574 0.6126 -0.2949 0.3248
1305031102.2112 1.3469 0.6175 1.6512 0.6545 0.6145 -0.2929 0.3291
1305031102.2432 1.3457 0.6059 1.6444 0.6518 0.6149 -0.2916 0.3347
1305031102.2753 1.3468 0.5956 1.6387 0.6496 0.6154 -0.2899 0.3394
1305031102.3113 1.3433 0.5837 1.6282 0.6475 0.6166 -0.2857 0.3449
1305031102.3432 1.3426 0.5759 1.6207 0.6471 0.6151 -0.2849 0.3489
1305031102.3753 1.3440 0.5651 1.6152 0.6460 0.6153 -0.2846 0.3508
1305031102.4113 1.3464 0.5568 1.6122 0.6439 0.6169 -0.2831 0.3532
1305031102.4433 1.3510 0.5451 1.6088 0.6416 0.6176 -0.2818 0.3570
1305031102.4753 1.3527 0.5325 1.5994 0.6384 0.6191 -0.2788 0.3626
1305031102.5112 1.3553 0.5227 1.5889 0.6357 0.6223 -0.2739 0.3656
1305031102.5432 1.3501 0.5127 1.5795 0.6331 0.6248 -0.2696 0.3689
1305031102.5753 1.3461 0.5016 1.5656 0.6315 0.6262 -0.2677 0.3707
1305031102.6112 1.3433 0.4926 1.5563 0.6333 0.6266 -0.2643 0.3693
1305031102.6433 1.3487 0.4843 1.5537 0.6355 0.6253 -0.2656 0.3669
1305031102.6753 1.3481 0.4722 1.5481 0.6347 0.6255 -0.2636 0.3693
1305031102.7113 1.3468 0.4603 1.5398 0.6342 0.6266 -0.2608 0.3702
1305031102.7432 1.3523 0.4520 1.5357 0.6355 0.6255 -0.2592 0.3711
1305031102.7755 1.3540 0.4420 1.5254 0.6341 0.6277 -0.2564 0.3718
1305031102.8112 1.3562 0.4349 1.5150 0.6336 0.6296 -0.2515 0.3727
1305031102.8433 1.3555 0.4235 1.5074 0.6326 0.6326 -0.2476 0.3718
1305031102.8754 1.3590 0.4118 1.5024 0.6324 0.6351 -0.2471 0.3683
1305031102.9112 1.3606 0.4032 1.4951 0.6313 0.6372 -0.2446 0.3682
1305031102.9432 1.3604 0.3914 1.4929 0.6304 0.6389 -0.2434 0.3676
1305031102.9752 1.3632 0.3790 1.4930 0.6292 0.6377 -0.2457 0.3702
1305031103.0112 1.3695 0.3660 1.4895 0.6283 0.6373 -0.2443 0.3733
1305031103.0432 1.3726 0.3610 1.4831 0.6275 0.6337 -0.2468 0.3791
1305031103.0753 1.3712 0.3541 1.4737 0.6289 0.6293 -0.2486 0.3830
1305031103.1112 1.3765 0.3480 1.4692 0.6294 0.6300 -0.2466 0.3824
1305031103.1433 1.3809 0.3408 1.4625 0.6295 0.6302 -0.2432 0.3840
1305031103.1755 1.3852 0.3358 1.4601 0.6305 0.6288 -0.2444 0.3837
1305031103.2112 1.3903 0.3262 1.4555 0.6300 0.6294 -0.2388 0.3871
1305031103.2432 1.3984 0.3247 1.4506 0.6303 0.6280 -0.2335 0.3923
1305031103.2754 1.4075 0.3078 1.4536 0.6296 0.6289 -0.2294 0.3943
1305031103.3112 1.4105 0.2998 1.4565 0.6258 0.6298 -0.2296 0.3988
1305031103.3432 1.4053 0.3041 1.4494 0.6228 0.6281 -0.2298 0.4060
1305031103.3753 1.4032 0.3028 1.4482 0.6225 0.6285 -0.2264 0.4077
1305031103.4113 1.4032 0.3028 1.4482 0.6225 0.6285 -0.2264 0.4077
1305031103.4433 1.4024 0.3050 1.4498 0.6228 0.6281 -0.2259 0.4081
1305031103.4753 1.3993 0.3070 1.4527 0.6200 0.6294 -0.2273 0.4097
1305031103.5113 1.3985 0.3120 1.4530 0.6188 0.6306 -0.2284 0.4089
1305031103.5434 1.3904 0.3188 1.4564 0.6189 0.6294 -0.2338 0.4076
1305031103.5755 1.3896 0.3268 1.4659 0.6204 0.6285 -0.2375 0.4046
1305031103.6112 1.3889 0.3334 1.4697 0.6213 0.6267 -0.2382 0.4056
1305031103.6434 1.3756 0.3426 1.4785 0.6202 0.6250 -0.2412 0.4081
1305031103.6755 1.3738 0.3514 1.4837 0.6213 0.6234 -0.2455 0.4063
1305031103.7116 1.3735 0.3611 1.4860 0.6217 0.6234 -0.2455 0.4056
1305031103.7433 1.3648 0.3695 1.4951 0.6217 0.6236 -0.2479 0.4039
1305031103.7753 1.3585 0.3847 1.5000 0.6205 0.6242 -0.2506 0.4033
1305031103.8112 1.3603 0.3988 1.5024 0.6188 0.6265 -0.2495 0.4029
1305031103.8433 1.3576 0.4093 1.5146 0.6167 0.6278 -0.2505 0.4035
1305031103.8754 1.3441 0.4133 1.5247 0.6102 0.6326 -0.2457 0.4088
1305031103.9112 1.3422 0.4230 1.5252 0.6080 0.6325 -0.2474 0.4111
1305031103.9432 1.3347 0.4365 1.5385 0.6079 0.6315 -0.2510 0.4107
1305031103.9754 1.3279 0.4484 1.5429 0.6069 0.6303 -0.2551 0.4114
1305031104.0112 1.3223 0.4565 1.5380 0.6078 0.6280 -0.2587 0.4114
1305031104.0432 1.3216 0.4724 1.5488 0.6098 0.6299 -0.2622 0.4032
1305031104.0754 1.3173 0.4900 1.5501 0.6109 0.6302 -0.2630 0.4006
1305031104.1112 1.3103 0.4989 1.5523 0.6126 0.6332 -0.2595 0.3955
1305031104.1432 1.3024 0.5114 1.5593 0.6144 0.6348 -0.2591 0.3904
1305031104.1754 1.3054 0.5225 1.5693 0.6171 0.6351 -0.2621 0.3835
1305031104.2113 1.3018 0.5331 1.5731 0.6191 0.6352 -0.2622 0.3800
1305031104.2432 1.2918 0.5433 1.5801 0.6208 0.6353 -0.2618 0.3775
1305031104.2755 1.2945 0.5556 1.5841 0.6233 0.6341 -0.2653 0.3728
1305031104.3112 1.2952 0.5662 1.5866 0.6258 0.6341 -0.2652 0.3688
1305031104.3433 1.2918 0.5783 1.5938 0.6274 0.6354 -0.2648 0.3640
1305031104.3758 1.2871 0.5887 1.6069 0.6291 0.6381 -0.2616 0.3587
1305031104.4115 1.2821 0.5971 1.6104 0.6306 0.6390 -0.2574 0.3574
1305031104.4433 1.2836 0.6029 1.6204 0.6322 0.6391 -0.2570 0.3546
1305031104.4755 1.2783 0.6056 1.6313 0.6320 0.6394 -0.2559 0.3554
1305031104.5113 1.2777 0.6088 1.6356 0.6323 0.6383 -0.2560 0.3567
1305031104.5434 1.2749 0.6150 1.6385 0.6331 0.6364 -0.2591 0.3564
1305031104.5753 1.2729 0.6228 1.6397 0.6353 0.6346 -0.2624 0.3533
1305031104.6113 1.2640 0.6305 1.6375 0.6396 0.6339 -0.2631 0.3461
1305031104.6432 1.2650 0.6460 1.6401 0.6457 0.6325 -0.2657 0.3352
1305031104.6755 1.2595 0.6555 1.6376 0.6518 0.6305 -0.2681 0.3252
1305031104.7113 1.2551 0.6648 1.6402 0.6595 0.6281 -0.2692 0.3132
1305031104.7433 1.2554 0.6763 1.6455 0.6663 0.6259 -0.2721 0.3004
1305031104.7753 1.2524 0.6881 1.6480 0.6728 0.6230 -0.2737 0.2904
1305031104.8115 1.2549 0.6970 1.6484 0.6793 0.6202 -0.2742 0.2804
1305031104.8433 1.2582 0.7033 1.6504 0.6851 0.6182 -0.2734 0.2715
1305031104.8754 1.2606 0.7081 1.6573 0.6892 0.6151 -0.2757 0.2657
1305031104.9115 1.2664 0.7100 1.6564 0.6919 0.6133 -0.2746 0.2640
1305031104.9433 1.2661 0.7108 1.6563 0.6926 0.6134 -0.2730 0.2635